0 0.02421875 0.0728476821192053 0.03802083333333333 0.10596026490066225
0 0.06015625 0.0695364238410596 0.0067708333333333336 0.08609271523178808
0 0.08072916666666667 0.0728476821192053 0.016666666666666666 0.10596026490066225
0 0.48880208333333336 0.08609271523178808 0.030729166666666665 0.17218543046357615
0 0.5080729166666667 0.08940397350993377 0.0015625 0.006622516556291391
0 0.5192708333333333 0.08278145695364239 0.0125 0.059602649006622516
0 0.9921875 0.0728476821192053 0.005208333333333333 0.06622516556291391
0 0.01484375 0.24834437086092714 0.0203125 0.059602649006622516
0 0.05182291666666667 0.24834437086092714 0.024479166666666666 0.059602649006622516
0 0.09427083333333333 0.24834437086092714 0.030208333333333334 0.059602649006622516
0 0.13984375 0.23841059602649006 0.028645833333333332 0.07947019867549669
0 0.17682291666666666 0.24503311258278146 0.030729166666666665 0.1986754966887417
0 0.20234375 0.24834437086092714 0.0140625 0.059602649006622516
0 0.2421875 0.23841059602649006 0.034375 0.07947019867549669
0 0.29609375 0.24834437086092714 0.0421875 0.059602649006622516
0 0.3453125 0.23841059602649006 0.025 0.07947019867549669
0 0.38958333333333334 0.24834437086092714 0.03229166666666667 0.059602649006622516
0 0.4434895833333333 0.23841059602649006 0.044270833333333336 0.07947019867549669
0 0.4744791666666667 0.24503311258278146 0.009375 0.1986754966887417
0 0.496875 0.24834437086092714 0.03125 0.059602649006622516
0 0.5111979166666667 0.24503311258278146 0.0067708333333333336 0.1986754966887417
0 0.97734375 0.24503311258278146 0.0453125 0.15894039735099338
0 0.9942708333333333 0.24503311258278146 0.011458333333333333 0.2119205298013245
0 0.04869791666666667 0.4271523178807947 0.016145833333333335 0.2980132450331126
0 0.09817708333333333 0.48013245033112584 0.015104166666666667 0.19205298013245034
0 0.18958333333333333 0.4503311258278146 0.016666666666666666 0.31788079470198677
0 0.24296875 0.4768211920529801 0.0109375 0.18543046357615894
0 0.28359375 0.4768211920529801 0.0109375 0.18543046357615894
0 0.31015625 0.4768211920529801 0.0109375 0.18543046357615894
0 0.378125 0.41721854304635764 0.007291666666666667 0.2119205298013245
0 0.39427083333333335 0.4370860927152318 0.016666666666666666 0.07947019867549669
0 0.49296875 0.4900662251655629 0.0140625 0.13245033112582782
0 0.5260416666666666 0.423841059602649 0.016666666666666666 0.07947019867549669
0 0.575 0.423841059602649 0.016666666666666666 0.07947019867549669
0 0.6247395833333333 0.4735099337748344 0.016145833333333335 0.17880794701986755
0 0.3796875 0.5761589403973509 0.008333333333333333 0.10596026490066225
0 0.3921875 0.5794701986754967 0.0125 0.059602649006622516
0 0.42265625 0.5894039735099338 0.044270833333333336 0.07947019867549669
0 0.4578125 0.5894039735099338 0.020833333333333332 0.07947019867549669
0 0.5208333333333334 0.5761589403973509 0.008333333333333333 0.10596026490066225
0 0.5421875 0.5794701986754967 0.030208333333333334 0.059602649006622516
0 0.5625 0.5894039735099338 0.00625 0.039735099337748346
0 0.5838541666666667 0.5794701986754967 0.03125 0.059602649006622516
0 0.94765625 0.08278145695364239 0.008854166666666666 0.16556291390728478
0 0.96171875 0.08609271523178808 0.0046875 0.013245033112582781
0 0.019010416666666665 0.6622516556291391 0.030729166666666665 0.07947019867549669
0 0.05078125 0.652317880794702 0.0265625 0.09933774834437085
0 0.06953125 0.6390728476821192 0.0015625 0.2185430463576159
0 0.09817708333333333 0.652317880794702 0.049479166666666664 0.059602649006622516
0 0.14661458333333333 0.652317880794702 0.0359375 0.059602649006622516
0 0.16145833333333334 0.6390728476821192 0.010416666666666666 0.2185430463576159
0 0.19010416666666666 0.652317880794702 0.041666666666666664 0.059602649006622516
0 0.20651041666666667 0.6390728476821192 0.011979166666666667 0.2185430463576159
0 0.2296875 0.6622516556291391 0.021875 0.07947019867549669
0 0.25546875 0.6390728476821192 0.024479166666666666 0.2185430463576159
0 0.28359375 0.652317880794702 0.0109375 0.059602649006622516
0 0.3104166666666667 0.652317880794702 0.021875 0.059602649006622516
0 0.33359375 0.6390728476821192 0.018229166666666668 0.2185430463576159
0 0.34817708333333336 0.6622516556291391 0.005729166666666666 0.039735099337748346
0 0.36276041666666664 0.6622516556291391 0.018229166666666668 0.07947019867549669
0 0.4200520833333333 0.7086092715231788 0.027604166666666666 0.013245033112582781
0 0.48671875 0.6390728476821192 0.021354166666666667 0.2185430463576159
0 0.5041666666666667 0.652317880794702 0.008333333333333333 0.059602649006622516
0 0.6247395833333333 0.652317880794702 0.03177083333333333 0.059602649006622516
0 0.6395833333333333 0.6390728476821192 0.00625 0.2185430463576159
0 0.07317708333333334 0.7516556291390728 0.0067708333333333336 0.2052980132450331
0 0.08072916666666667 0.7582781456953642 0.004166666666666667 0.059602649006622516
0 0.10520833333333333 0.7516556291390728 0.03854166666666667 0.2052980132450331
0 0.14453125 0.7516556291390728 0.033854166666666664 0.2052980132450331
0 0.17213541666666668 0.7582781456953642 0.005729166666666666 0.059602649006622516
0 0.24375 0.7582781456953642 0.03958333333333333 0.059602649006622516
0 0.2838541666666667 0.7582781456953642 0.025 0.059602649006622516
0 0.3106770833333333 0.7682119205298014 0.019270833333333334 0.07947019867549669
0 0.34661458333333334 0.7582781456953642 0.024479166666666666 0.059602649006622516
0 0.4171875 0.7284768211920529 0.08125 0.10596026490066225
0 0.41484375 0.7516556291390728 0.009895833333333333 0.2052980132450331
0 0.42552083333333335 0.7516556291390728 0.007291666666666667 0.2052980132450331
0 0.44453125 0.7284768211920529 0.0265625 0.10596026490066225
0 0.49375 0.7582781456953642 0.021875 0.059602649006622516
0 0.52109375 0.7516556291390728 0.005729166666666666 0.2052980132450331
0 0.5565104166666667 0.7317880794701986 0.058854166666666666 0.059602649006622516
0 0.5619791666666667 0.7516556291390728 0.007291666666666667 0.2052980132450331
0 0.5768229166666666 0.7284768211920529 0.018229166666666668 0.10596026490066225
0 0.6229166666666667 0.7582781456953642 0.026041666666666668 0.059602649006622516
0 0.033854166666666664 0.8841059602649006 0.013541666666666667 0.059602649006622516
0 0.10651041666666666 0.8708609271523179 0.0296875 0.2185430463576159
0 0.13203125 0.8874172185430463 0.016145833333333335 0.052980132450331126
0 0.14479166666666668 0.8874172185430463 0.004166666666666667 0.052980132450331126
0 0.15130208333333334 0.8874172185430463 0.0036458333333333334 0.052980132450331126
0 0.17369791666666667 0.8940397350993378 0.033854166666666664 0.06622516556291391
0 0.31197916666666664 0.8708609271523179 0.019791666666666666 0.2185430463576159
0 0.3372395833333333 0.8708609271523179 0.0234375 0.2185430463576159
0 0.35442708333333334 0.8874172185430463 0.0046875 0.052980132450331126
0 0.3734375 0.8708609271523179 0.027083333333333334 0.2185430463576159
0 0.5221354166666666 0.8940397350993378 0.018229166666666668 0.06622516556291391
0 0.5380208333333333 0.8874172185430463 0.008333333333333333 0.052980132450331126
0 0.5559895833333334 0.8708609271523179 0.021354166666666667 0.2185430463576159
0 0.625 0.8874172185430463 0.022916666666666665 0.052980132450331126
0 0.9947916666666666 0.9337748344370861 0.009375 0.13245033112582782
