0 0.04244791666666667 0.02015355086372361 0.013020833333333334 0.02495201535508637
0 0.05182291666666667 0.07197696737044146 0.024479166666666666 0.01727447216890595
0 0.014322916666666666 0.19193857965451055 0.021354166666666667 0.023032629558541268
0 0.037760416666666664 0.19193857965451055 0.013020833333333334 0.023032629558541268
0 0.059895833333333336 0.1890595009596929 0.019791666666666666 0.01727447216890595
0 0.08802083333333334 0.1890595009596929 0.021875 0.02111324376199616
0 0.11588541666666667 0.19193857965451055 0.019270833333333334 0.023032629558541268
0 0.13958333333333334 0.19193857965451055 0.019791666666666666 0.023032629558541268
0 0.16328125 0.1890595009596929 0.019270833333333334 0.01727447216890595
0 0.18854166666666666 0.1890595009596929 0.023958333333333335 0.01727447216890595
0 0.21770833333333334 0.19193857965451055 0.028125 0.023032629558541268
0 0.24739583333333334 0.19001919385796545 0.016666666666666666 0.015355086372360844
0 0.26640625 0.1928982725527831 0.0015625 0.0019193857965451055
0 0.014322916666666666 0.22264875239923224 0.019270833333333334 0.023032629558541268
0 0.0375 0.2255278310940499 0.016666666666666666 0.01727447216890595
0 0.06015625 0.2255278310940499 0.013020833333333334 0.01727447216890595
0 0.036458333333333336 0.2591170825335892 0.014583333333333334 0.019193857965451054
0 0.08072916666666667 0.02111324376199616 0.016666666666666666 0.030710172744721688
0 0.38046875 0.026871401151631478 0.03697916666666667 0.023032629558541268
0 0.40598958333333335 0.02399232245681382 0.008854166666666666 0.01727447216890595
0 0.42473958333333334 0.02399232245681382 0.024479166666666666 0.01727447216890595
0 0.4421875 0.02399232245681382 0.00625 0.01727447216890595
0 0.4591145833333333 0.02399232245681382 0.022395833333333334 0.01727447216890595
0 0.47552083333333334 0.02399232245681382 0.00625 0.01727447216890595
0 0.4825520833333333 0.02399232245681382 0.0036458333333333334 0.01727447216890595
0 0.4984375 0.02495201535508637 0.022916666666666665 0.015355086372360844
0 0.53046875 0.026871401151631478 0.0359375 0.023032629558541268
0 0.559375 0.025911708253358926 0.017708333333333333 0.02111324376199616
0 0.5734375 0.02399232245681382 0.00625 0.01727447216890595
0 0.5973958333333333 0.026871401151631478 0.0375 0.023032629558541268
0 0.6197916666666666 0.025911708253358926 0.0010416666666666667 0.0019193857965451055
0 0.6296875 0.02399232245681382 0.014583333333333334 0.01727447216890595
0 0.09427083333333333 0.07197696737044146 0.030208333333333334 0.01727447216890595
0 0.13984375 0.07197696737044146 0.028645833333333332 0.01727447216890595
0 0.17760416666666667 0.0710172744721689 0.029166666666666667 0.053742802303262956
0 0.20182291666666666 0.07197696737044146 0.0140625 0.01727447216890595
0 0.24192708333333332 0.07197696737044146 0.033854166666666664 0.01727447216890595
0 0.26666666666666666 0.0710172744721689 0.005208333333333333 0.053742802303262956
0 0.29583333333333334 0.07197696737044146 0.041666666666666664 0.01727447216890595
0 0.3453125 0.07197696737044146 0.025 0.01727447216890595
0 0.38958333333333334 0.07197696737044146 0.03229166666666667 0.01727447216890595
0 0.4434895833333333 0.07197696737044146 0.044270833333333336 0.01727447216890595
0 0.496875 0.07197696737044146 0.03125 0.01727447216890595
0 0.5109375 0.0710172744721689 0.007291666666666667 0.053742802303262956
0 0.05182291666666667 0.11612284069097889 0.08697916666666666 0.09788867562380038
0 0.153125 0.13915547024952016 0.084375 0.05950095969289827
0 0.21744791666666666 0.1381957773512476 0.011979166666666667 0.04990403071017274
0 0.08802083333333334 0.21976967370441458 0.003125 0.005758157389635317
0 0.13203125 0.22264875239923224 0.005729166666666666 0.011516314779270634
0 0.14401041666666667 0.22264875239923224 0.013020833333333334 0.023032629558541268
0 0.09192708333333334 0.2600767754318618 0.0203125 0.01727447216890595
0 0.10755208333333334 0.2629558541266795 0.0067708333333333336 0.011516314779270634
0 0.12317708333333334 0.2600767754318618 0.0203125 0.01727447216890595
0 0.12786458333333334 0.30326295585412666 0.09739583333333333 0.030710172744721688
0 0.12786458333333334 0.3397312859884837 0.09739583333333333 0.030710172744721688
0 0.12786458333333334 0.3761996161228407 0.09739583333333333 0.030710172744721688
0 0.12786458333333334 0.4126679462571977 0.09739583333333333 0.030710172744721688
0 0.12786458333333334 0.4491362763915547 0.09739583333333333 0.030710172744721688
0 0.12786458333333334 0.4856046065259117 0.09739583333333333 0.030710172744721688
0 0.12786458333333334 0.5220729366602687 0.09739583333333333 0.030710172744721688
0 0.12786458333333334 0.5585412667946257 0.09739583333333333 0.030710172744721688
0 0.08307291666666666 0.6084452975047985 0.0067708333333333336 0.023032629558541268
0 0.11744791666666667 0.6094049904030711 0.0484375 0.02111324376199616
0 0.11666666666666667 0.6103646833013435 0.005208333333333333 0.046065259117082535
0 0.13151041666666666 0.6094049904030711 0.0203125 0.02111324376199616
0 0.08359375 0.6535508637236085 0.0078125 0.028790786948176585
0 0.12005208333333334 0.6554702495201535 0.05260416666666667 0.02111324376199616
0 0.121875 0.6497120921305183 0.00625 0.06333973128598848
0 0.13619791666666667 0.6554702495201535 0.0203125 0.02111324376199616
0 0.08333333333333333 0.746641074856046 0.008333333333333333 0.030710172744721688
0 0.11484375 0.7476007677543186 0.043229166666666666 0.02111324376199616
0 0.11614583333333334 0.746641074856046 0.00625 0.04990403071017274
0 0.12864583333333332 0.7476007677543186 0.015625 0.02111324376199616
0 0.1453125 0.7456813819577736 0.0125 0.01727447216890595
0 0.09791666666666667 0.7927063339731286 0.036458333333333336 0.023032629558541268
0 0.12942708333333333 0.7888675623800384 0.019270833333333334 0.04990403071017274
0 0.34322916666666664 0.1238003838771593 0.0010416666666666667 0.005758157389635317
0 0.3966145833333333 0.1295585412667946 0.0046875 0.005758157389635317
0 0.42916666666666664 0.11900191938579655 0.004166666666666667 0.019193857965451054
0 0.46875 0.1218809980806142 0.004166666666666667 0.009596928982725527
0 0.5768229166666666 0.1218809980806142 0.008854166666666666 0.009596928982725527
0 0.66640625 0.1238003838771593 0.025520833333333333 0.01727447216890595
0 0.6856770833333333 0.1238003838771593 0.0026041666666666665 0.005758157389635317
0 0.35494791666666664 0.16026871401151632 0.0067708333333333336 0.01727447216890595
0 0.38828125 0.13723608445297505 0.034895833333333334 0.05182341650671785
0 0.48151041666666666 0.1381957773512476 0.0328125 0.053742802303262956
0 0.51796875 0.13723608445297505 0.0109375 0.05182341650671785
0 0.5770833333333333 0.1381957773512476 0.06458333333333334 0.046065259117082535
0 0.6515625 0.16506717850287908 0.051041666666666666 0.11516314779270634
0 0.7377604166666667 0.1381957773512476 0.013020833333333334 0.046065259117082535
0 0.31796875 0.18809980806142035 0.013020833333333334 0.04990403071017274
0 0.35 0.1890595009596929 0.010416666666666666 0.01727447216890595
0 0.3765625 0.19193857965451055 0.016666666666666666 0.023032629558541268
0 0.3984375 0.1890595009596929 0.017708333333333333 0.01727447216890595
0 0.434375 0.1890595009596929 0.0375 0.01727447216890595
0 0.4703125 0.1890595009596929 0.008333333333333333 0.01727447216890595
0 0.48828125 0.1890595009596929 0.0109375 0.01727447216890595
0 0.5 0.1890595009596929 0.005208333333333333 0.01727447216890595
0 0.5182291666666666 0.1890595009596929 0.021875 0.01727447216890595
0 0.5497395833333333 0.1890595009596929 0.022395833333333334 0.01727447216890595
0 0.5776041666666667 0.19577735124760076 0.026041666666666668 0.0690978886756238
0 0.6171875 0.1890595009596929 0.04583333333333333 0.01727447216890595
0 0.6481770833333333 0.17178502879078694 0.0067708333333333336 0.02111324376199616
0 0.6640625 0.1708253358925144 0.0125 0.011516314779270634
0 0.6838541666666667 0.1708253358925144 0.011458333333333333 0.011516314779270634
0 0.6994791666666667 0.18234165067178504 0.009375 0.05758157389635317
0 0.7166666666666667 0.19385796545105566 0.0125 0.015355086372360844
0 0.73828125 0.19193857965451055 0.0234375 0.023032629558541268
0 0.28463541666666664 0.21976967370441458 0.0036458333333333334 0.01727447216890595
0 0.31197916666666664 0.22072936660268713 0.010416666666666666 0.015355086372360844
0 0.32317708333333334 0.2255278310940499 0.005729166666666666 0.013435700575815739
0 0.33229166666666665 0.21689059500959693 0.0020833333333333333 0.04990403071017274
0 0.35 0.22264875239923224 0.028125 0.023032629558541268
0 0.4703125 0.21976967370441458 0.014583333333333334 0.01727447216890595
0 0.49296875 0.2255278310940499 0.0171875 0.01727447216890595
0 0.5184895833333333 0.22264875239923224 0.025520833333333333 0.023032629558541268
0 0.5497395833333333 0.22072936660268713 0.0171875 0.015355086372360844
0 0.57734375 0.21976967370441458 0.0026041666666666665 0.005758157389635317
0 0.6557291666666667 0.21209213051823417 0.025 0.028790786948176585
0 0.6744791666666666 0.21209213051823417 0.0020833333333333333 0.005758157389635317
0 0.19244791666666666 0.2591170825335892 0.008854166666666666 0.011516314779270634
0 0.28125 0.2591170825335892 0.03229166666666667 0.019193857965451054
0 0.3171875 0.2648752399232246 0.015625 0.0345489443378119
0 0.37083333333333335 0.2533589251439539 0.014583333333333334 0.061420345489443376
0 0.43307291666666664 0.2658349328214971 0.0390625 0.03262955854126679
0 0.49609375 0.2648752399232246 0.06197916666666667 0.0345489443378119
0 0.48880208333333336 0.2571976967370441 0.0046875 0.06525911708253358
0 0.49765625 0.2571976967370441 0.0109375 0.06525911708253358
0 0.5096354166666667 0.2571976967370441 0.0046875 0.06525911708253358
0 0.5213541666666667 0.2571976967370441 0.013541666666666667 0.06525911708253358
0 0.6075520833333333 0.2658349328214971 0.027604166666666666 0.03262955854126679
0 0.7244791666666667 0.2591170825335892 0.023958333333333335 0.019193857965451054
0 0.28880208333333335 0.31381957773512476 0.05572916666666667 0.04030710172744722
0 0.32734375 0.30134357005758156 0.016145833333333335 0.053742802303262956
0 0.38125 0.30710172744721687 0.08333333333333333 0.08061420345489444
0 0.43359375 0.31094049904030713 0.011979166666666667 0.0345489443378119
0 0.4484375 0.31094049904030713 0.009375 0.0345489443378119
0 0.47942708333333334 0.30134357005758156 0.0453125 0.053742802303262956
0 0.5192708333333333 0.31669865642994244 0.03125 0.061420345489443376
0 0.54375 0.30134357005758156 0.009375 0.053742802303262956
0 0.5752604166666667 0.31285988483685223 0.0453125 0.030710172744721688
0 0.6138020833333333 0.31094049904030713 0.0234375 0.0345489443378119
0 0.6463541666666667 0.31669865642994244 0.03229166666666667 0.046065259117082535
0 0.28671875 0.3685220729366603 0.0515625 0.0345489443378119
0 0.3216145833333333 0.3685220729366603 0.008854166666666666 0.0345489443378119
0 0.3580729166666667 0.3723608445297505 0.05572916666666667 0.04222648752399232
0 0.39765625 0.3685220729366603 0.0140625 0.0345489443378119
0 0.43645833333333334 0.3742802303262956 0.05625 0.023032629558541268
0 0.49505208333333334 0.3685220729366603 0.05260416666666667 0.0345489443378119
0 0.5471354166666667 0.3771593090211132 0.043229166666666666 0.04030710172744722
0 0.5825520833333333 0.3685220729366603 0.019270833333333334 0.0345489443378119
0 0.6182291666666667 0.3685220729366603 0.04375 0.0345489443378119
0 0.6510416666666666 0.3742802303262956 0.013541666666666667 0.023032629558541268
0 0.2838541666666667 0.43186180422264875 0.04583333333333333 0.046065259117082535
0 0.3229166666666667 0.43761996161228406 0.025 0.0345489443378119
0 0.34375 0.42610364683301344 0.009375 0.0345489443378119
0 0.37395833333333334 0.43186180422264875 0.042708333333333334 0.046065259117082535
0 0.4432291666666667 0.43186180422264875 0.0875 0.046065259117082535
0 0.5005208333333333 0.4289827255278311 0.017708333333333333 0.028790786948176585
0 0.28229166666666666 0.5806142034548945 0.04479166666666667 0.05182341650671785
0 0.20520833333333333 0.6794625719769674 0.026041666666666668 0.06525911708253358
0 0.39479166666666665 0.6775431861804223 0.003125 0.007677543186180422
0 0.4552083333333333 0.7044145873320538 0.020833333333333332 0.003838771593090211
0 0.5341145833333333 0.7044145873320538 0.0015625 0.003838771593090211
0 0.19479166666666667 0.7216890595009597 0.015625 0.061420345489443376
0 0.22109375 0.7216890595009597 0.0296875 0.061420345489443376
0 0.23932291666666666 0.7245681381957774 0.0026041666666666665 0.01727447216890595
0 0.4044270833333333 0.72552783109405 0.0078125 0.023032629558541268
0 0.41901041666666666 0.7197696737044146 0.0140625 0.0345489443378119
0 0.453125 0.72552783109405 0.04583333333333333 0.046065259117082535
0 0.52421875 0.72552783109405 0.08697916666666666 0.046065259117082535
0 0.575 0.7197696737044146 0.005208333333333333 0.0345489443378119
0 0.61171875 0.72552783109405 0.059895833333333336 0.046065259117082535
0 0.6528645833333333 0.7197696737044146 0.0140625 0.0345489443378119
0 0.18072916666666666 0.791746641074856 0.0020833333333333333 0.013435700575815739
0 0.203125 0.7783109404990403 0.016666666666666666 0.036468330134357005
0 0.23151041666666666 0.7667946257197696 0.0140625 0.013435700575815739
0 0.2669270833333333 0.7840690978886756 0.027604166666666666 0.06333973128598848
0 0.29921875 0.7840690978886756 0.015104166666666667 0.06333973128598848
0 0.32369791666666664 0.7840690978886756 0.0234375 0.06333973128598848
0 0.3489583333333333 0.7888675623800384 0.017708333333333333 0.011516314779270634
0 0.4015625 0.7802303262955854 0.0020833333333333333 0.028790786948176585
0 0.409375 0.7773512476007678 0.005208333333333333 0.0345489443378119
0 0.44869791666666664 0.7773512476007678 0.06510416666666667 0.0345489443378119
0 0.49192708333333335 0.7773512476007678 0.0140625 0.0345489443378119
0 0.5221354166666666 0.7773512476007678 0.03802083333333333 0.0345489443378119
0 0.5890625 0.783109404990403 0.0875 0.046065259117082535
0 0.6421875 0.7802303262955854 0.009375 0.028790786948176585
0 0.6518229166666667 0.7965451055662188 0.0015625 0.011516314779270634
0 0.66171875 0.7773512476007678 0.008854166666666666 0.0345489443378119
0 0.6786458333333333 0.783109404990403 0.016666666666666666 0.023032629558541268
0 0.29609375 0.8109404990403071 0.008854166666666666 0.013435700575815739
0 0.26145833333333335 0.8387715930902111 0.036458333333333336 0.026871401151631478
0 0.4080729166666667 0.8349328214971209 0.015104166666666667 0.0345489443378119
0 0.4518229166666667 0.8406909788867563 0.06510416666666667 0.046065259117082535
0 0.5127604166666667 0.8406909788867563 0.04739583333333333 0.046065259117082535
0 0.5606770833333333 0.8406909788867563 0.04114583333333333 0.046065259117082535
0 0.6026041666666667 0.8387715930902111 0.034375 0.04222648752399232
0 0.6364583333333333 0.8349328214971209 0.023958333333333335 0.0345489443378119
0 0.6731770833333334 0.8349328214971209 0.04114583333333333 0.0345489443378119
0 0.20989583333333334 0.8723608445297505 0.019791666666666666 0.009596928982725527
0 0.24713541666666666 0.8723608445297505 0.0015625 0.009596928982725527
0 0.34427083333333336 0.8723608445297505 0.0010416666666666667 0.005758157389635317
0 0.4270833333333333 0.8982725527831094 0.053125 0.046065259117082535
0 0.46640625 0.8925143953934741 0.0171875 0.0345489443378119
0 0.5049479166666667 0.8925143953934741 0.050520833333333334 0.0345489443378119
0 0.55859375 0.8925143953934741 0.04739583333333333 0.0345489443378119
0 0.615625 0.9001919385796545 0.058333333333333334 0.04222648752399232
0 0.653125 0.8925143953934741 0.009375 0.0345489443378119
0 0.40703125 0.9558541266794626 0.011979166666666667 0.023032629558541268
0 0.42916666666666664 0.9500959692898272 0.023958333333333335 0.0345489443378119
0 0.45026041666666666 0.9500959692898272 0.008854166666666666 0.0345489443378119
0 0.48020833333333335 0.9558541266794626 0.042708333333333334 0.046065259117082535
0 0.54921875 0.9558541266794626 0.08697916666666666 0.046065259117082535
0 0.6057291666666667 0.9510556621880998 0.016666666666666666 0.03262955854126679
0 0.63203125 0.9558541266794626 0.028645833333333332 0.023032629558541268
0 0.6565104166666667 0.9500959692898272 0.011979166666666667 0.0345489443378119
0 0.6791666666666667 0.9520153550863724 0.025 0.030710172744721688
0 0.19635416666666666 0.9702495201535508 0.014583333333333334 0.01727447216890595
0 0.22057291666666667 0.9702495201535508 0.030729166666666665 0.01727447216890595
0 0.23958333333333334 0.9702495201535508 0.003125 0.01727447216890595
0 0.9315104166666667 0.018234165067178502 0.0036458333333333334 0.013435700575815739
0 0.9466145833333334 0.02111324376199616 0.0067708333333333336 0.019193857965451054
0 0.96171875 0.02495201535508637 0.0046875 0.003838771593090211
0 0.9846354166666667 0.02111324376199616 0.0203125 0.019193857965451054
0 0.9690104166666667 0.07005758157389635 0.028645833333333332 0.01727447216890595
