0 0.0975103734439834 0.09283088235294118 0.016597510373443983 0.02389705882352941
0 0.12966804979253113 0.09283088235294118 0.03734439834024896 0.016544117647058824
0 0.1628630705394191 0.09466911764705882 0.004149377593360996 0.012867647058823529
0 0.057572614107883814 0.15808823529411764 0.052904564315352696 0.022058823529411766
0 0.09647302904564316 0.15716911764705882 0.004149377593360996 0.009191176470588236
0 0.1545643153526971 0.15625 0.04979253112033195 0.01838235294117647
0 0.20176348547717843 0.15625 0.038381742738589214 0.01838235294117647
0 0.7608921161825726 0.09466911764705882 0.015560165975103735 0.02389705882352941
0 0.7816390041493776 0.09191176470588236 0.0031120331950207467 0.051470588235294115
0 0.8205394190871369 0.09283088235294118 0.06016597510373444 0.016544117647058824
0 0.8656639004149378 0.09283088235294118 0.025933609958506226 0.016544117647058824
0 0.035269709543568464 0.22518382352941177 0.012448132780082987 0.08272058823529412
0 0.07468879668049792 0.22150735294117646 0.03734439834024896 0.016544117647058824
0 0.2121369294605809 0.23529411764705882 0.03008298755186722 0.058823529411764705
0 0.28786307053941906 0.23161764705882354 0.07365145228215768 0.022058823529411766
0 0.05186721991701245 0.2601102941176471 0.016597510373443983 0.02389705882352941
0 0.0845435684647303 0.2610294117647059 0.03630705394190872 0.01838235294117647
0 0.23807053941908712 0.26286764705882354 0.001037344398340249 0.014705882352941176
0 0.27022821576763484 0.25827205882352944 0.038381742738589214 0.016544117647058824
0 0.3153526970954357 0.2619485294117647 0.043568464730290454 0.02022058823529412
0 0.05186721991701245 0.296875 0.014522821576763486 0.02389705882352941
0 0.08921161825726141 0.3014705882352941 0.04564315352697095 0.022058823529411766
0 0.09491701244813278 0.33731617647058826 0.10269709543568464 0.027573529411764705
0 0.15300829875518673 0.3400735294117647 0.005186721991701245 0.011029411764705883
0 0.22095435684647302 0.3474264705882353 0.04979253112033195 0.08823529411764706
0 0.28060165975103735 0.3318014705882353 0.05912863070539419 0.016544117647058824
0 0.5010373443983402 0.33639705882352944 0.002074688796680498 0.003676470588235294
0 0.10010373443983403 0.375 0.11099585062240663 0.029411764705882353
0 0.27022821576763484 0.36121323529411764 0.038381742738589214 0.016544117647058824
0 0.3153526970954357 0.3648897058823529 0.043568464730290454 0.02022058823529412
0 0.08558091286307054 0.41452205882352944 0.038381742738589214 0.016544117647058824
0 0.12240663900414937 0.41452205882352944 0.026970954356846474 0.016544117647058824
0 0.0700207468879668 0.41360294117647056 0.0508298755186722 0.029411764705882353
0 0.28060165975103735 0.4338235294117647 0.061203319502074686 0.04779411764705882
0 0.47977178423236516 0.43566176470588236 0.028008298755186723 0.01838235294117647
0 0.04149377593360996 0.49264705882352944 0.016597510373443983 0.025735294117647058
0 0.09284232365145229 0.4944852941176471 0.07365145228215768 0.022058823529411766
0 0.21161825726141079 0.5174632352941176 0.022821576763485476 0.012867647058823529
0 0.0975103734439834 0.5386029411764706 0.06224066390041494 0.05514705882352941
0 0.26815352697095435 0.5376838235294118 0.03630705394190872 0.016544117647058824
0 0.3158713692946058 0.5404411764705882 0.0508298755186722 0.022058823529411766
0 0.3475103734439834 0.5376838235294118 0.006224066390041493 0.016544117647058824
0 0.05186721991701245 0.5707720588235294 0.016597510373443983 0.02389705882352941
0 0.08506224066390042 0.5716911764705882 0.03941908713692946 0.022058823529411766
0 0.27022821576763484 0.5670955882352942 0.038381742738589214 0.016544117647058824
0 0.29979253112033194 0.5670955882352942 0.012448132780082987 0.016544117647058824
0 0.3288381742738589 0.5670955882352942 0.03941908713692946 0.016544117647058824
0 0.052385892116182574 0.6056985294117647 0.013485477178423237 0.03125
0 0.08973029045643154 0.6102941176470589 0.046680497925311204 0.022058823529411766
0 0.050311203319502076 0.640625 0.011410788381742738 0.05330882352941176
0 0.08195020746887967 0.640625 0.03941908713692946 0.05330882352941176
0 0.20383817427385892 0.6378676470588235 0.007261410788381743 0.007352941176470588
0 0.3086099585062241 0.640625 0.11721991701244813 0.016544117647058824
0 0.2961618257261411 0.6369485294117647 0.015560165975103735 0.05330882352941176
0 0.33765560165975106 0.640625 0.05912863070539419 0.016544117647058824
0 0.0845435684647303 0.7233455882352942 0.05912863070539419 0.016544117647058824
0 0.25363070539419086 0.7316176470588235 0.0031120331950207467 0.003676470588235294
0 0.03941908713692946 0.7362132352941176 0.02074688796680498 0.06801470588235294
0 0.21680497925311204 0.7444852941176471 0.03319502074688797 0.05514705882352941
0 0.3039419087136929 0.7435661764705882 0.10580912863070539 0.016544117647058824
0 0.05186721991701245 0.7591911764705882 0.016597510373443983 0.025735294117647058
0 0.07520746887966805 0.7628676470588235 0.017634854771784232 0.01838235294117647
0 0.10736514522821576 0.7628676470588235 0.03630705394190872 0.01838235294117647
0 0.14159751037344398 0.7619485294117647 0.025933609958506226 0.016544117647058824
0 0.1654564315352697 0.7573529411764706 0.007261410788381743 0.007352941176470588
0 0.254149377593361 0.7683823529411765 0.006224066390041493 0.007352941176470588
0 0.5414937759336099 0.22886029411764705 0.05394190871369295 0.016544117647058824
0 0.5337136929460581 0.25827205882352944 0.038381742738589214 0.016544117647058824
0 0.578838174273859 0.2610294117647059 0.043568464730290454 0.022058823529411766
0 0.533195020746888 0.3318014705882353 0.03734439834024896 0.016544117647058824
0 0.5337136929460581 0.36121323529411764 0.038381742738589214 0.016544117647058824
0 0.578838174273859 0.3639705882352941 0.043568464730290454 0.022058823529411766
0 0.5648340248962656 0.4375 0.10269709543568464 0.022058823529411766
0 0.6286307053941909 0.43474264705882354 0.01867219917012448 0.016544117647058824
0 0.5337136929460581 0.4641544117647059 0.038381742738589214 0.016544117647058824
0 0.5632780082987552 0.4641544117647059 0.012448132780082987 0.016544117647058824
0 0.5923236514522822 0.4641544117647059 0.03941908713692946 0.016544117647058824
0 0.5383817427385892 0.5404411764705882 0.04771784232365145 0.022058823529411766
0 0.6047717842323651 0.5404411764705882 0.07676348547717843 0.022058823529411766
0 0.6716804979253111 0.5404411764705882 0.0487551867219917 0.022058823529411766
0 0.5337136929460581 0.5670955882352942 0.038381742738589214 0.016544117647058824
0 0.5632780082987552 0.5670955882352942 0.012448132780082987 0.016544117647058824
0 0.5923236514522822 0.5670955882352942 0.03941908713692946 0.016544117647058824
0 0.5503112033195021 0.640625 0.07157676348547717 0.016544117647058824
0 0.5845435684647303 0.6397058823529411 0.0031120331950207467 0.051470588235294115
0 0.6130705394190872 0.6415441176470589 0.04564315352697095 0.014705882352941176
0 0.6483402489626556 0.6461397058823529 0.016597510373443983 0.016544117647058824
0 0.6810165975103735 0.640625 0.04045643153526971 0.016544117647058824
0 0.5337136929460581 0.6700367647058824 0.038381742738589214 0.016544117647058824
0 0.5632780082987552 0.6700367647058824 0.012448132780082987 0.016544117647058824
0 0.5923236514522822 0.6700367647058824 0.03941908713692946 0.016544117647058824
0 0.5352697095435685 0.7435661764705882 0.04149377593360996 0.016544117647058824
0 0.578838174273859 0.7463235294117647 0.03941908713692946 0.011029411764705883
0 0.616701244813278 0.7435661764705882 0.03008298755186722 0.016544117647058824
0 0.06224066390041494 0.8115808823529411 0.026970954356846474 0.016544117647058824
0 0.08661825726141079 0.8115808823529411 0.013485477178423237 0.016544117647058824
0 0.11618257261410789 0.8106617647058824 0.03941908713692946 0.01838235294117647
0 0.11981327800829876 0.8612132352941176 0.032157676348547715 0.02389705882352941
0 0.17738589211618258 0.8575367647058824 0.07053941908713693 0.03860294117647059
0 0.2033195020746888 0.8575367647058824 0.01867219917012448 0.05330882352941176
0 0.2354771784232365 0.8602941176470589 0.03734439834024896 0.022058823529411766
0 0.026970954356846474 0.9466911764705882 0.012448132780082987 0.051470588235294115
0 0.06587136929460581 0.9448529411764706 0.038381742738589214 0.01838235294117647
0 0.09491701244813278 0.9457720588235294 0.013485477178423237 0.016544117647058824
0 0.1270746887966805 0.9448529411764706 0.04253112033195021 0.01838235294117647
