0 0.023958333333333335 0.07142857142857142 0.0375 0.1038961038961039
0 0.059895833333333336 0.06818181818181818 0.00625 0.08441558441558442
0 0.08072916666666667 0.07142857142857142 0.016666666666666666 0.1038961038961039
0 0.3796875 0.07792207792207792 0.03958333333333333 0.15584415584415584
0 0.40572916666666664 0.08116883116883117 0.008333333333333333 0.05844155844155844
0 0.425 0.08116883116883117 0.023958333333333335 0.05844155844155844
0 0.4427083333333333 0.08116883116883117 0.005208333333333333 0.05844155844155844
0 0.45859375 0.07792207792207792 0.021354166666666667 0.15584415584415584
0 0.475 0.08116883116883117 0.005208333333333333 0.05844155844155844
0 0.4822916666666667 0.08116883116883117 0.003125 0.05844155844155844
0 0.4981770833333333 0.08441558441558442 0.0234375 0.05194805194805195
0 0.5307291666666667 0.09090909090909091 0.03333333333333333 0.07792207792207792
0 0.5588541666666667 0.08766233766233766 0.016666666666666666 0.07142857142857142
0 0.5734375 0.08116883116883117 0.00625 0.05844155844155844
0 0.5979166666666667 0.07792207792207792 0.036458333333333336 0.15584415584415584
0 0.6197916666666666 0.08766233766233766 0.0010416666666666667 0.006493506493506494
0 0.63125 0.08116883116883117 0.011458333333333333 0.05844155844155844
0 0.9315104166666667 0.07142857142857142 0.0036458333333333334 0.06493506493506493
0 0.9466145833333334 0.07142857142857142 0.0067708333333333336 0.06493506493506493
0 0.96171875 0.08441558441558442 0.0046875 0.012987012987012988
0 0.9921875 0.07142857142857142 0.005208333333333333 0.06493506493506493
0 0.05182291666666667 0.2435064935064935 0.024479166666666666 0.05844155844155844
0 0.11328125 0.2305194805194805 0.08177083333333333 0.09740259740259741
0 0.14609375 0.24025974025974026 0.0171875 0.19480519480519481
0 0.16328125 0.24025974025974026 0.0067708333333333336 0.19480519480519481
0 0.18984375 0.2435064935064935 0.0390625 0.05844155844155844
0 0.2421875 0.23376623376623376 0.034375 0.07792207792207792
0 0.29583333333333334 0.2435064935064935 0.041666666666666664 0.05844155844155844
0 0.3453125 0.2435064935064935 0.025 0.05844155844155844
0 0.36692708333333335 0.24025974025974026 0.0026041666666666665 0.19480519480519481
0 0.38958333333333334 0.2435064935064935 0.03229166666666667 0.05844155844155844
0 0.4434895833333333 0.23376623376623376 0.044270833333333336 0.07792207792207792
0 0.4744791666666667 0.24025974025974026 0.009375 0.19480519480519481
0 0.496875 0.2435064935064935 0.03125 0.05844155844155844
0 0.5106770833333333 0.24025974025974026 0.0067708333333333336 0.19480519480519481
0 0.97734375 0.24025974025974026 0.0453125 0.15584415584415584
0 0.9942708333333333 0.24025974025974026 0.011458333333333333 0.2077922077922078
0 0.03125 0.3961038961038961 0.007291666666666667 0.19480519480519481
0 0.045572916666666664 0.42857142857142855 0.019270833333333334 0.07792207792207792
0 0.159375 0.4642857142857143 0.07604166666666666 0.13636363636363635
0 0.23046875 0.4642857142857143 0.0078125 0.05844155844155844
0 0.25286458333333334 0.461038961038961 0.0067708333333333336 0.07792207792207792
0 0.3614583333333333 0.4642857142857143 0.021875 0.09740259740259741
0 0.7739583333333333 0.3961038961038961 0.03229166666666667 0.19480519480519481
0 0.9143229166666667 0.42857142857142855 0.0005208333333333333 0.12987012987012986
0 0.9268229166666667 0.4090909090909091 0.008854166666666666 0.22077922077922077
0 0.9479166666666666 0.41883116883116883 0.030208333333333334 0.05844155844155844
0 0.96953125 0.41883116883116883 0.0026041666666666665 0.01948051948051948
0 0.039322916666666666 0.5681818181818182 0.027604166666666666 0.09740259740259741
0 0.128125 0.487012987012987 0.013541666666666667 0.09090909090909091
0 0.16692708333333334 0.4707792207792208 0.013020833333333334 0.05844155844155844
0 0.20859375 0.474025974025974 0.016145833333333335 0.06493506493506493
0 0.24479166666666666 0.487012987012987 0.015625 0.05194805194805195
0 0.35182291666666665 0.4902597402597403 0.0026041666666666665 0.045454545454545456
0 0.4 0.5032467532467533 0.030208333333333334 0.07142857142857142
0 0.4375 0.5032467532467533 0.030208333333333334 0.07142857142857142
0 0.475 0.5032467532467533 0.030208333333333334 0.07142857142857142
0 0.5125 0.5032467532467533 0.030208333333333334 0.07142857142857142
0 0.55 0.5064935064935064 0.030208333333333334 0.09090909090909091
0 0.5875 0.5032467532467533 0.030208333333333334 0.09740259740259741
0 0.625 0.5032467532467533 0.030208333333333334 0.07142857142857142
0 0.6625 0.5032467532467533 0.030208333333333334 0.07142857142857142
0 0.7 0.5032467532467533 0.030208333333333334 0.07142857142857142
0 0.7375 0.5032467532467533 0.030208333333333334 0.07142857142857142
0 0.775 0.5032467532467533 0.030208333333333334 0.07142857142857142
0 0.8122395833333333 0.5032467532467533 0.0296875 0.07142857142857142
0 0.85 0.5032467532467533 0.029166666666666667 0.07142857142857142
0 0.8875 0.5032467532467533 0.030208333333333334 0.07142857142857142
0 0.9109375 0.538961038961039 0.005208333333333333 0.07792207792207792
0 0.9252604166666667 0.5454545454545454 0.005729166666666666 0.03896103896103896
0 0.9471354166666667 0.577922077922078 0.028645833333333332 0.07792207792207792
0 0.013020833333333334 0.6363636363636364 0.015625 0.18181818181818182
0 0.13203125 0.6623376623376623 0.016145833333333335 0.06493506493506493
0 0.17083333333333334 0.6688311688311688 0.04583333333333333 0.07792207792207792
0 0.20677083333333332 0.6753246753246753 0.0020833333333333333 0.03896103896103896
0 0.028645833333333332 0.6785714285714286 0.009375 0.22727272727272727
0 0.05286458333333333 0.7272727272727273 0.030729166666666665 0.07792207792207792
0 0.08489583333333334 0.7272727272727273 0.01875 0.03896103896103896
0 0.10494791666666667 0.7175324675324676 0.016145833333333335 0.05844155844155844
0 0.3528645833333333 0.6688311688311688 0.03177083333333333 0.1038961038961039
0 0.365625 0.6525974025974026 0.010416666666666666 0.21428571428571427
0 0.39739583333333334 0.6655844155844156 0.028125 0.05844155844155844
0 0.4375 0.6655844155844156 0.013541666666666667 0.05844155844155844
0 0.45677083333333335 0.6525974025974026 0.00625 0.21428571428571427
0 0.4747395833333333 0.6655844155844156 0.024479166666666666 0.05844155844155844
0 0.49375 0.6525974025974026 0.003125 0.21428571428571427
0 0.5125 0.6655844155844156 0.026041666666666668 0.05844155844155844
0 0.55 0.6655844155844156 0.0125 0.05844155844155844
0 0.60625 0.6655844155844156 0.058333333333333334 0.05844155844155844
0 0.6596354166666667 0.6753246753246753 0.024479166666666666 0.07792207792207792
0 0.6973958333333333 0.6753246753246753 0.027083333333333334 0.07792207792207792
0 0.7375 0.6655844155844156 0.020833333333333332 0.05844155844155844
0 0.7692708333333333 0.6655844155844156 0.020833333333333332 0.05844155844155844
0 0.7893229166666667 0.6525974025974026 0.0140625 0.21428571428571427
0 0.81171875 0.6655844155844156 0.030729166666666665 0.05844155844155844
0 0.84921875 0.6655844155844156 0.030729166666666665 0.05844155844155844
0 0.878125 0.6655844155844156 0.0125 0.05844155844155844
0 0.8919270833333334 0.6655844155844156 0.0109375 0.05844155844155844
0 0.9268229166666667 0.711038961038961 0.0046875 0.09740259740259741
0 0.9515625 0.7175324675324676 0.0375 0.05844155844155844
0 0.05520833333333333 0.8766233766233766 0.0375 0.06493506493506493
0 0.11484375 0.8733766233766234 0.0036458333333333334 0.045454545454545456
0 0.18567708333333333 0.8701298701298701 0.015104166666666667 0.05194805194805195
0 0.2565104166666667 0.8733766233766234 0.0036458333333333334 0.045454545454545456
0 0.31484375 0.8766233766233766 0.0296875 0.06493506493506493
0 0.3736979166666667 0.8733766233766234 0.0036458333333333334 0.045454545454545456
0 0.64375 0.8766233766233766 0.011458333333333333 0.06493506493506493
0 0.93828125 0.8701298701298701 0.0515625 0.05194805194805195
0 0.9924479166666667 0.8701298701298701 0.0046875 0.03896103896103896
