0 0.07415254237288135 0.12146892655367232 0.1483050847457627 0.15254237288135594
0 0.5169491525423728 0.16666666666666666 0.11864406779661017 0.062146892655367235
0 0.0847457627118644 0.2175141242937853 0.059322033898305086 0.03954802259887006
0 0.3898305084745763 0.22033898305084745 0.01694915254237288 0.04519774011299435
0 0.1271186440677966 0.3446327683615819 0.09322033898305085 0.1694915254237288
0 0.6080508474576272 0.268361581920904 0.038135593220338986 0.05084745762711865
0 0.7817796610169492 0.3135593220338983 0.05508474576271186 0.0847457627118644
0 0.11016949152542373 0.4350282485875706 0.01694915254237288 0.06779661016949153
0 0.4872881355932203 0.4435028248587571 0.288135593220339 0.062146892655367235
0 0.3792372881355932 0.5 0.0211864406779661 0.03954802259887006
0 0.6271186440677966 0.5 0.2033898305084746 0.062146892655367235
0 0.815677966101695 0.5169491525423728 0.00423728813559322 0.07344632768361582
0 0.00211864406779661 0.6468926553672316 0.00423728813559322 0.01694915254237288
0 0.586864406779661 0.6271186440677966 0.1652542372881356 0.384180790960452
0 0.9491525423728814 0.6412429378531074 0.1016949152542373 0.05084745762711865
0 0.13771186440677965 0.864406779661017 0.1228813559322034 0.12429378531073447
0 0.3474576271186441 0.8700564971751412 0.06779661016949153 0.1016949152542373
0 0.5084745762711864 0.8615819209039548 0.01694915254237288 0.062146892655367235
0 0.9597457627118644 0.9152542372881356 0.012711864406779662 0.011299435028248588
