0 0.9389002036659878 0.19953051643192488 0.10183299389002037 0.018779342723004695
0 0.8930753564154786 0.2300469483568075 0.10386965376782077 0.018779342723004695
0 0.8940936863543788 0.22769953051643194 0.020366598778004074 0.06572769953051644
0 0.955193482688391 0.2323943661971831 0.0855397148676171 0.023474178403755867
0 0.2820773930753564 0.3004694835680751 0.07128309572301425 0.06572769953051644
0 0.40020366598778007 0.3004694835680751 0.14867617107942974 0.06572769953051644
0 0.285132382892057 0.3591549295774648 0.1384928716904277 0.06103286384976526
0 0.13136456211812628 0.43779342723004694 0.18533604887983707 0.02112676056338028
0 0.3411405295315682 0.45539906103286387 0.034623217922606926 0.06572769953051644
0 0.4419551934826884 0.43896713615023475 0.06109979633401222 0.06103286384976526
0 0.5560081466395111 0.45539906103286387 0.06517311608961303 0.018779342723004695
0 0.6792260692464358 0.49295774647887325 0.09164969450101833 0.07511737089201878
0 0.37780040733197556 0.5469483568075117 0.20162932790224034 0.07042253521126761
0 0.6690427698574338 0.5551643192488263 0.1934826883910387 0.01643192488262911
0 0.8360488798370672 0.5551643192488263 0.014256619144602852 0.002347417840375587
0 0.8991853360488798 0.5469483568075117 0.07942973523421588 0.018779342723004695
0 0.3655804480651731 0.5974178403755869 0.014256619144602852 0.06338028169014084
0 0.9032586558044806 0.5762910798122066 0.07535641547861507 0.01643192488262911
0 0.7973523421588594 0.6044600938967136 0.04684317718940937 0.011737089201877934
0 0.9032586558044806 0.6044600938967136 0.059063136456211814 0.01643192488262911
0 0.5346232179226069 0.6490610328638498 0.07128309572301425 0.04460093896713615
0 0.2637474541751528 0.6830985915492958 0.31160896130346233 0.046948356807511735
0 0.5274949083503055 0.6889671361502347 0.10183299389002037 0.04460093896713615
0 0.3727087576374745 0.7323943661971831 0.13034623217922606 0.023474178403755867
0 0.5814663951120163 0.7347417840375586 0.1120162932790224 0.023474178403755867
0 0.36863543788187375 0.8192488262910798 0.2729124236252546 0.023474178403755867
0 0.575356415478615 0.8098591549295775 0.02240325865580448 0.023474178403755867
0 0.7067209775967414 0.8204225352112676 0.2240325865580448 0.09154929577464789
0 0.9022403258655805 0.8262910798122066 0.12627291242362526 0.04225352112676056
0 0.835030549898167 0.8544600938967136 0.004073319755600814 0.009389671361502348
0 0.8991853360488798 0.8427230046948356 0.12016293279022404 0.023474178403755867
0 0.1659877800407332 0.8873239436619719 0.026476578411405296 0.06103286384976526
0 0.19042769857433808 0.8838028169014085 0.006109979633401222 0.03051643192488263
0 0.29429735234215887 0.886150234741784 0.18126272912423624 0.025821596244131457
0 0.6415478615071283 0.8908450704225352 0.004073319755600814 0.007042253521126761
0 0.7006109979633401 0.9119718309859155 0.07739307535641547 0.04929577464788732
0 0.7953156822810591 0.9213615023474179 0.09979633401221996 0.03990610328638498
