0 0.14086687306501547 0.18930041152263374 0.12074303405572756 0.03292181069958848
0 0.2260061919504644 0.18930041152263374 0.02476780185758514 0.03292181069958848
0 0.3157894736842105 0.18930041152263374 0.13003095975232198 0.03292181069958848
0 0.4117647058823529 0.18930041152263374 0.03715170278637771 0.03292181069958848
0 0.4582043343653251 0.1934156378600823 0.030959752321981424 0.024691358024691357
0 0.5325077399380805 0.18930041152263374 0.09907120743034056 0.03292181069958848
0 0.1238390092879257 0.2757201646090535 0.06191950464396285 0.0411522633744856
0 0.18575851393188855 0.2716049382716049 0.03715170278637771 0.03292181069958848
0 0.2678018575851393 0.27983539094650206 0.1021671826625387 0.03292181069958848
0 0.17337461300309598 0.43209876543209874 0.16718266253869968 0.03292181069958848
0 0.25077399380804954 0.43209876543209874 0.018575851393188854 0.11522633744855967
0 0.28328173374613 0.43621399176954734 0.021671826625386997 0.024691358024691357
0 0.34055727554179566 0.43621399176954734 0.07430340557275542 0.024691358024691357
0 0.44272445820433437 0.43621399176954734 0.10526315789473684 0.0411522633744856
0 0.5278637770897833 0.43621399176954734 0.04024767801857585 0.024691358024691357
0 0.6176470588235294 0.43209876543209874 0.11455108359133127 0.03292181069958848
0 0.6996904024767802 0.43209876543209874 0.02476780185758514 0.03292181069958848
0 0.7538699690402477 0.43209876543209874 0.058823529411764705 0.03292181069958848
0 0.8142414860681114 0.43209876543209874 0.03715170278637771 0.03292181069958848
0 0.1393188854489164 0.49382716049382713 0.09287925696594428 0.03292181069958848
0 0.23529411764705882 0.4897119341563786 0.07430340557275542 0.024691358024691357
0 0.30340557275541796 0.4897119341563786 0.03715170278637771 0.024691358024691357
0 0.39473684210526316 0.49382716049382713 0.12074303405572756 0.03292181069958848
0 0.4938080495356037 0.49382716049382713 0.05263157894736842 0.03292181069958848
0 0.544891640866873 0.48559670781893005 0.02476780185758514 0.03292181069958848
0 0.6486068111455109 0.4876543209876543 0.15789473684210525 0.04526748971193416
0 0.7461300309597523 0.48559670781893005 0.018575851393188854 0.03292181069958848
0 0.7894736842105263 0.48559670781893005 0.043343653250773995 0.03292181069958848
0 0.19349845201238391 0.5370370370370371 0.20123839009287925 0.037037037037037035
0 0.32507739938080493 0.5390946502057613 0.03715170278637771 0.03292181069958848
0 0.43034055727554177 0.5432098765432098 0.14860681114551083 0.024691358024691357
0 0.5356037151702786 0.5432098765432098 0.03715170278637771 0.024691358024691357
0 0.5944272445820433 0.5390946502057613 0.05572755417956656 0.03292181069958848
0 0.6578947368421053 0.5370370370370371 0.04643962848297214 0.037037037037037035
0 0.7058823529411765 0.5390946502057613 0.02476780185758514 0.03292181069958848
0 0.7616099071207431 0.5390946502057613 0.06191950464396285 0.03292181069958848
0 0.8312693498452013 0.5390946502057613 0.05263157894736842 0.03292181069958848
0 0.13003095975232198 0.5925925925925926 0.07430340557275542 0.03292181069958848
0 0.19814241486068113 0.5925925925925926 0.03715170278637771 0.03292181069958848
0 0.2724458204334365 0.6008230452674898 0.08668730650154799 0.03292181069958848
0 0.34210526315789475 0.5925925925925926 0.02786377708978328 0.03292181069958848
0 0.39473684210526316 0.5925925925925926 0.05263157894736842 0.03292181069958848
0 0.47523219814241485 0.5967078189300411 0.08359133126934984 0.024691358024691357
0 0.5479876160990712 0.5925925925925926 0.03715170278637771 0.03292181069958848
0 0.6656346749226006 0.5925925925925926 0.17337461300309598 0.03292181069958848
0 0.22136222910216719 0.6502057613168725 0.25696594427244585 0.0411522633744856
0 0.17027863777089783 0.7037037037037037 0.1609907120743034 0.0411522633744856
0 0.2894736842105263 0.7078189300411523 0.05263157894736842 0.03292181069958848
0 0.35758513931888547 0.7078189300411523 0.058823529411764705 0.03292181069958848
0 0.4195046439628483 0.6995884773662552 0.04024767801857585 0.03292181069958848
0 0.4891640866873065 0.6995884773662552 0.07430340557275542 0.03292181069958848
0 0.5572755417956656 0.6995884773662552 0.03715170278637771 0.03292181069958848
0 0.631578947368421 0.7078189300411523 0.08668730650154799 0.03292181069958848
0 0.7693498452012384 0.7037037037037037 0.16408668730650156 0.0411522633744856
0 0.8761609907120743 0.6995884773662552 0.02476780185758514 0.03292181069958848
0 0.14241486068111456 0.757201646090535 0.09907120743034056 0.0411522633744856
0 0.8405572755417957 0.9094650205761317 0.12693498452012383 0.03292181069958848
