0 0.48880208333333336 0.0979020979020979 0.030729166666666665 0.15384615384615385
0 0.5080729166666667 0.0944055944055944 0.0015625 0.006993006993006993
0 0.5192708333333333 0.08741258741258741 0.0125 0.06293706293706294
0 0.9315104166666667 0.06643356643356643 0.0036458333333333334 0.04895104895104895
0 0.96171875 0.09090909090909091 0.0046875 0.013986013986013986
0 0.9921875 0.07692307692307693 0.005208333333333333 0.06993006993006994
0 0.13984375 0.2517482517482518 0.028645833333333332 0.08391608391608392
0 0.18984375 0.26223776223776224 0.0390625 0.06293706293706294
0 0.2421875 0.2517482517482518 0.034375 0.08391608391608392
0 0.29609375 0.26223776223776224 0.0421875 0.06293706293706294
0 0.3453125 0.2517482517482518 0.025 0.08391608391608392
0 0.38958333333333334 0.26223776223776224 0.03229166666666667 0.06293706293706294
0 0.4434895833333333 0.2517482517482518 0.044270833333333336 0.08391608391608392
0 0.4744791666666667 0.25874125874125875 0.009375 0.2097902097902098
0 0.496875 0.26223776223776224 0.03125 0.06293706293706294
0 0.5106770833333333 0.25874125874125875 0.0067708333333333336 0.2097902097902098
0 0.97734375 0.25874125874125875 0.0453125 0.16783216783216784
0 0.9942708333333333 0.25874125874125875 0.011458333333333333 0.22377622377622378
0 0.05963541666666667 0.44405594405594406 0.0109375 0.07692307692307693
0 0.08802083333333334 0.43006993006993005 0.014583333333333334 0.03496503496503497
0 0.11875 0.43356643356643354 0.005208333333333333 0.1958041958041958
0 0.13984375 0.48951048951048953 0.019270833333333334 0.3076923076923077
0 0.16666666666666666 0.46153846153846156 0.008333333333333333 0.1258741258741259
0 0.28072916666666664 0.5 0.013541666666666667 0.1888111888111888
0 0.32317708333333334 0.4755244755244755 0.0005208333333333333 0.055944055944055944
0 0.37526041666666665 0.479020979020979 0.013020833333333334 0.2867132867132867
0 0.3966145833333333 0.47202797202797203 0.0046875 0.02097902097902098
0 0.42916666666666664 0.43356643356643354 0.00625 0.08391608391608392
0 0.46953125 0.479020979020979 0.013020833333333334 0.2867132867132867
0 0.49140625 0.479020979020979 0.013020833333333334 0.2867132867132867
0 0.5169270833333334 0.479020979020979 0.013020833333333334 0.2867132867132867
0 0.6265625 0.46153846153846156 0.007291666666666667 0.11188811188811189
0 0.6651041666666667 0.44755244755244755 0.04375 0.11188811188811189
0 0.6864583333333333 0.4405594405594406 0.004166666666666667 0.2097902097902098
0 0.053125 0.5 0.0020833333333333333 0.04895104895104895
0 0.24505208333333334 0.506993006993007 0.011979166666666667 0.02097902097902098
0 0.03671875 0.5034965034965035 0.05677083333333333 0.1958041958041958
0 0.1203125 0.5629370629370629 0.008333333333333333 0.1048951048951049
0 0.17604166666666668 0.513986013986014 0.040625 0.1888111888111888
0 0.24427083333333333 0.548951048951049 0.016666666666666666 0.21678321678321677
0 0.31744791666666666 0.5559440559440559 0.016145833333333335 0.21678321678321677
0 0.3502604166666667 0.5104895104895105 0.016145833333333335 0.2097902097902098
0 0.39140625 0.513986013986014 0.028645833333333332 0.16083916083916083
0 0.49244791666666665 0.5629370629370629 0.0078125 0.03496503496503497
0 0.5182291666666666 0.5384615384615384 0.004166666666666667 0.06993006993006994
0 0.6041666666666666 0.506993006993007 0.010416666666666666 0.17482517482517482
0 0.6453125 0.583916083916084 0.008333333333333333 0.21678321678321677
0 0.6596354166666667 0.6118881118881119 0.011979166666666667 0.06293706293706294
0 0.6708333333333333 0.583916083916084 0.00625 0.21678321678321677
0 0.68203125 0.6118881118881119 0.015104166666666667 0.06293706293706294
0 0.7111979166666667 0.5 0.013020833333333334 0.16083916083916083
0 0.7377604166666667 0.5034965034965035 0.013020833333333334 0.16783216783216784
0 0.014322916666666666 0.6993006993006993 0.021354166666666667 0.08391608391608392
0 0.037760416666666664 0.6993006993006993 0.013020833333333334 0.08391608391608392
0 0.059895833333333336 0.6888111888111889 0.019791666666666666 0.06293706293706294
0 0.08776041666666666 0.6888111888111889 0.021354166666666667 0.06293706293706294
0 0.11614583333333334 0.6993006993006993 0.019791666666666666 0.08391608391608392
0 0.13958333333333334 0.6993006993006993 0.019791666666666666 0.08391608391608392
0 0.16354166666666667 0.6888111888111889 0.019791666666666666 0.06293706293706294
0 0.18854166666666666 0.6888111888111889 0.023958333333333335 0.06293706293706294
0 0.21770833333333334 0.6993006993006993 0.028125 0.08391608391608392
0 0.24557291666666667 0.6993006993006993 0.021354166666666667 0.08391608391608392
0 0.28125 0.6993006993006993 0.034375 0.08391608391608392
0 0.31692708333333336 0.6888111888111889 0.015104166666666667 0.06293706293706294
0 0.35 0.6888111888111889 0.010416666666666666 0.06293706293706294
0 0.3765625 0.6993006993006993 0.016666666666666666 0.08391608391608392
0 0.3984375 0.6888111888111889 0.017708333333333333 0.06293706293706294
0 0.434375 0.6888111888111889 0.0375 0.06293706293706294
0 0.4703125 0.6888111888111889 0.008333333333333333 0.06293706293706294
0 0.48828125 0.6888111888111889 0.0109375 0.06293706293706294
0 0.5 0.6888111888111889 0.005208333333333333 0.06293706293706294
0 0.5182291666666666 0.6888111888111889 0.021875 0.06293706293706294
0 0.5455729166666666 0.6888111888111889 0.0140625 0.06293706293706294
0 0.5580729166666667 0.6888111888111889 0.005729166666666666 0.06293706293706294
0 0.57734375 0.6678321678321678 0.0265625 0.20279720279720279
0 0.6057291666666667 0.6678321678321678 0.020833333333333332 0.20279720279720279
0 0.6299479166666667 0.6888111888111889 0.0203125 0.06293706293706294
0 0.7111979166666667 0.6888111888111889 0.0234375 0.1048951048951049
0 0.73828125 0.6993006993006993 0.0234375 0.08391608391608392
0 0.014322916666666666 0.8111888111888111 0.019270833333333334 0.08391608391608392
0 0.0375 0.8216783216783217 0.016666666666666666 0.06293706293706294
0 0.06015625 0.8216783216783217 0.013020833333333334 0.06293706293706294
0 0.08828125 0.8006993006993007 0.0026041666666666665 0.02097902097902098
0 0.146875 0.8111888111888111 0.035416666666666666 0.08391608391608392
0 0.24557291666666667 0.8006993006993007 0.0026041666666666665 0.02097902097902098
0 0.2703125 0.8216783216783217 0.0125 0.06293706293706294
0 0.28880208333333335 0.7797202797202797 0.0203125 0.20279720279720279
0 0.31744791666666666 0.8111888111888111 0.021354166666666667 0.08391608391608392
0 0.33203125 0.7797202797202797 0.0015625 0.20279720279720279
0 0.35 0.8111888111888111 0.028125 0.08391608391608392
0 0.4703125 0.8006993006993007 0.014583333333333334 0.06293706293706294
0 0.49296875 0.8216783216783217 0.0171875 0.06293706293706294
0 0.5184895833333333 0.8111888111888111 0.025520833333333333 0.08391608391608392
0 0.5497395833333333 0.8041958041958042 0.0171875 0.055944055944055944
0 0.57734375 0.8006993006993007 0.0026041666666666665 0.02097902097902098
0 0.6049479166666667 0.8006993006993007 0.0026041666666666665 0.02097902097902098
0 0.6557291666666667 0.7727272727272727 0.025 0.1048951048951049
0 0.6747395833333333 0.7727272727272727 0.0026041666666666665 0.02097902097902098
0 0.7111979166666667 0.8006993006993007 0.0026041666666666665 0.02097902097902098
0 0.73828125 0.8006993006993007 0.0026041666666666665 0.02097902097902098
0 0.036458333333333336 0.9440559440559441 0.014583333333333334 0.06993006993006994
0 0.08828125 0.9370629370629371 0.0234375 0.055944055944055944
0 0.18020833333333333 0.916083916083916 0.03333333333333333 0.16783216783216784
0 0.28098958333333335 0.9440559440559441 0.0328125 0.06993006993006994
0 0.30442708333333335 0.9195804195804196 0.0026041666666666665 0.16083916083916083
0 0.3171875 0.9335664335664335 0.015625 0.06293706293706294
0 0.37083333333333335 0.916083916083916 0.014583333333333334 0.16783216783216784
0 0.43411458333333336 0.9370629370629371 0.03697916666666667 0.055944055944055944
0 0.45859375 0.9195804195804196 0.0046875 0.16083916083916083
0 0.47421875 0.9335664335664335 0.018229166666666668 0.06293706293706294
0 0.48802083333333335 0.9195804195804196 0.005208333333333333 0.16083916083916083
0 0.4981770833333333 0.9440559440559441 0.0109375 0.06993006993006994
0 0.5091145833333334 0.9370629370629371 0.005729166666666666 0.055944055944055944
0 0.5208333333333334 0.951048951048951 0.0125 0.055944055944055944
0 0.61484375 0.9195804195804196 0.013020833333333334 0.16083916083916083
0 0.7244791666666667 0.9195804195804196 0.023958333333333335 0.16083916083916083
0 0.9924479166666667 0.9370629370629371 0.0046875 0.04195804195804196
