0 0.015104166666666667 0.02399232245681382 0.020833333333333332 0.01727447216890595
0 0.0484375 0.02399232245681382 0.019791666666666666 0.01727447216890595
0 0.08125 0.02399232245681382 0.03125 0.01727447216890595
0 0.4049479166666667 0.02399232245681382 0.021354166666666667 0.01727447216890595
0 0.42526041666666664 0.02399232245681382 0.015104166666666667 0.01727447216890595
0 0.4544270833333333 0.026871401151631478 0.03802083333333333 0.023032629558541268
0 0.47213541666666664 0.02495201535508637 0.0026041666666666665 0.04990403071017274
0 0.4869791666666667 0.025911708253358926 0.021875 0.02111324376199616
0 0.5075520833333333 0.025911708253358926 0.015104166666666667 0.02111324376199616
0 0.5265625 0.025911708253358926 0.017708333333333333 0.02111324376199616
0 0.540625 0.02399232245681382 0.00625 0.01727447216890595
0 0.5645833333333333 0.026871401151631478 0.0375 0.023032629558541268
0 0.58671875 0.025911708253358926 0.0015625 0.0019193857965451055
0 0.596875 0.02399232245681382 0.014583333333333334 0.01727447216890595
0 0.07604166666666666 0.09213051823416507 0.013541666666666667 0.0690978886756238
0 0.1 0.09213051823416507 0.026041666666666668 0.05758157389635317
0 0.11875 0.09117082533589252 0.004166666666666667 0.01727447216890595
0 0.13828125 0.09213051823416507 0.027604166666666666 0.05758157389635317
0 0.18020833333333333 0.16314779270633398 0.003125 0.023032629558541268
0 0.20234375 0.15834932821497122 0.03177083333333333 0.03262955854126679
0 0.26223958333333336 0.16410748560460653 0.08072916666666667 0.044145873320537425
0 0.32109375 0.16314779270633398 0.025520833333333333 0.023032629558541268
0 0.35598958333333336 0.16314779270633398 0.03177083333333333 0.023032629558541268
0 0.3841145833333333 0.16314779270633398 0.013020833333333334 0.023032629558541268
0 0.40078125 0.15834932821497122 0.008854166666666666 0.03262955854126679
0 0.42864583333333334 0.16410748560460653 0.035416666666666666 0.044145873320537425
0 0.4669270833333333 0.15834932821497122 0.028645833333333332 0.03262955854126679
0 0.18151041666666667 0.22072936660268713 0.005729166666666666 0.023032629558541268
0 0.096875 0.17946257197696738 0.015625 0.01727447216890595
0 0.10989583333333333 0.17946257197696738 0.00625 0.01727447216890595
0 0.13020833333333334 0.18234165067178504 0.030208333333333334 0.023032629558541268
0 0.08177083333333333 0.2562380038387716 0.003125 0.0019193857965451055
0 0.10104166666666667 0.263915547024952 0.023958333333333335 0.01727447216890595
0 0.11901041666666666 0.2648752399232246 0.0067708333333333336 0.053742802303262956
0 0.14479166666666668 0.2658349328214971 0.041666666666666664 0.02111324376199616
0 0.05260416666666667 0.3310940499040307 0.023958333333333335 0.03262955854126679
0 0.1171875 0.3550863723608445 0.05520833333333333 0.023032629558541268
0 0.19088541666666667 0.3330134357005758 0.015104166666666667 0.028790786948176585
0 0.21927083333333333 0.33589251439539347 0.03333333333333333 0.023032629558541268
0 0.25390625 0.33589251439539347 0.025520833333333333 0.023032629558541268
0 0.29921875 0.33589251439539347 0.0546875 0.046065259117082535
0 0.33828125 0.3310940499040307 0.0140625 0.03262955854126679
0 0.38177083333333334 0.33685220729366605 0.0625 0.044145873320537425
0 0.44973958333333336 0.33013435700575816 0.06302083333333333 0.0345489443378119
0 0.05286458333333333 0.3896353166986564 0.0234375 0.030710172744721688
0 0.18932291666666667 0.39923224568138194 0.021354166666666667 0.0345489443378119
0 0.21458333333333332 0.39923224568138194 0.019791666666666666 0.0345489443378119
0 0.24192708333333332 0.3934740882917466 0.025520833333333333 0.023032629558541268
0 0.2825520833333333 0.39923224568138194 0.04635416666666667 0.0345489443378119
0 0.33177083333333335 0.3886756238003839 0.042708333333333334 0.03262955854126679
0 0.07682291666666667 0.43761996161228406 0.016145833333333335 0.053742802303262956
0 0.0765625 0.5239923224568138 0.015625 0.05758157389635317
0 0.10494791666666667 0.5239923224568138 0.03177083333333333 0.023032629558541268
0 0.10494791666666667 0.43666026871401153 0.030729166666666665 0.01727447216890595
0 0.11666666666666667 0.43570057581573896 0.005208333333333333 0.053742802303262956
0 0.12916666666666668 0.44241842610364684 0.013541666666666667 0.01727447216890595
0 0.171875 0.43666026871401153 0.0020833333333333333 0.013435700575815739
0 0.05260416666666667 0.5038387715930902 0.023958333333333335 0.03262955854126679
0 0.171875 0.5211132437619962 0.0020833333333333333 0.013435700575815739
0 0.20442708333333334 0.5047984644913628 0.0515625 0.030710172744721688
0 0.04895833333333333 0.7015355086372361 0.016666666666666666 0.028790786948176585
0 0.08854166666666667 0.7015355086372361 0.053125 0.028790786948176585
0 0.13203125 0.7024952015355086 0.024479166666666666 0.026871401151631478
0 0.15416666666666667 0.7015355086372361 0.0125 0.028790786948176585
0 0.19583333333333333 0.7015355086372361 0.0625 0.028790786948176585
0 0.034375 0.8051823416506718 0.0010416666666666667 0.04798464491362764
0 0.04401041666666667 0.8042226487523992 0.0067708333333333336 0.030710172744721688
0 0.05963541666666667 0.8042226487523992 0.0171875 0.030710172744721688
0 0.08567708333333333 0.8042226487523992 0.027604166666666666 0.030710172744721688
0 0.1109375 0.8138195777351248 0.015625 0.030710172744721688
0 0.13880208333333333 0.809021113243762 0.03177083333333333 0.04030710172744722
0 0.16901041666666666 0.8042226487523992 0.0203125 0.030710172744721688
0 0.18489583333333334 0.809021113243762 0.004166666666666667 0.02111324376199616
0 0.19895833333333332 0.809021113243762 0.015625 0.02111324376199616
0 0.22291666666666668 0.8042226487523992 0.026041666666666668 0.030710172744721688
0 0.24401041666666667 0.8071017274472169 0.0078125 0.02495201535508637
0 0.25833333333333336 0.809021113243762 0.013541666666666667 0.02111324376199616
0 0.29973958333333334 0.809021113243762 0.06197916666666667 0.04030710172744722
0 0.034375 0.9011516314779271 0.0010416666666666667 0.04798464491362764
0 0.04869791666666667 0.9011516314779271 0.016145833333333335 0.028790786948176585
0 0.06979166666666667 0.9001919385796545 0.019791666666666666 0.030710172744721688
0 0.1125 0.9001919385796545 0.058333333333333334 0.030710172744721688
0 0.15911458333333334 0.9001919385796545 0.028645833333333332 0.030710172744721688
0 0.184375 0.9001919385796545 0.014583333333333334 0.030710172744721688
0 0.21927083333333333 0.9040307101727447 0.04791666666666667 0.03838771593090211
0 0.25625 0.9030710172744721 0.01875 0.02495201535508637
0 0.26979166666666665 0.9049904030710173 0.0010416666666666667 0.02111324376199616
0 0.278125 0.9001919385796545 0.007291666666666667 0.030710172744721688
0 0.3067708333333333 0.9011516314779271 0.04375 0.028790786948176585
0 0.33645833333333336 0.9001919385796545 0.007291666666666667 0.030710172744721688
0 0.35885416666666664 0.9001919385796545 0.03125 0.030710172744721688
0 0.3815104166666667 0.9030710172744721 0.0078125 0.02495201535508637
0 0.3921875 0.9001919385796545 0.007291666666666667 0.030710172744721688
0 0.4395833333333333 0.9001919385796545 0.08229166666666667 0.030710172744721688
0 0.053385416666666664 0.9481765834932822 0.025520833333333333 0.030710172744721688
0 0.08984375 0.9529750479846449 0.04010416666666667 0.04030710172744722
0 0.1390625 0.9481765834932822 0.05 0.030710172744721688
0 0.17916666666666667 0.9510556621880998 0.021875 0.02495201535508637
0 0.20130208333333333 0.9529750479846449 0.0140625 0.02111324376199616
0 0.22604166666666667 0.9481765834932822 0.027083333333333334 0.030710172744721688
0 0.6338541666666667 0.24856046065259116 0.011458333333333333 0.028790786948176585
0 0.68359375 0.2476007677543186 0.0796875 0.030710172744721688
0 0.7291666666666666 0.2523992322456814 0.0010416666666666667 0.02111324376199616
0 0.7455729166666667 0.24856046065259116 0.021354166666666667 0.028790786948176585
0 0.765625 0.2523992322456814 0.011458333333333333 0.02111324376199616
0 0.8302083333333333 0.2523992322456814 0.109375 0.04030710172744722
0 0.89296875 0.2476007677543186 0.0067708333333333336 0.030710172744721688
0 0.91875 0.2476007677543186 0.036458333333333336 0.030710172744721688
0 0.95 0.2523992322456814 0.017708333333333333 0.04030710172744722
0 0.6416666666666667 0.29558541266794625 0.026041666666666668 0.030710172744721688
0 0.66875 0.29846449136276393 0.021875 0.02495201535508637
0 0.7067708333333333 0.30038387715930903 0.04791666666666667 0.04030710172744722
0 0.7549479166666667 0.30038387715930903 0.04114583333333333 0.04030710172744722
0 0.7890625 0.29846449136276393 0.021875 0.02495201535508637
0 0.81875 0.29558541266794625 0.03125 0.030710172744721688
0 0.8453125 0.29558541266794625 0.014583333333333334 0.030710172744721688
0 0.8752604166666667 0.29558541266794625 0.0390625 0.030710172744721688
0 0.90234375 0.29558541266794625 0.009895833333333333 0.030710172744721688
0 0.9346354166666667 0.30038387715930903 0.0484375 0.04030710172744722
0 0.6325520833333333 0.34644913627639157 0.0078125 0.02495201535508637
0 0.6450520833333333 0.3435700575815739 0.009895833333333333 0.030710172744721688
0 0.6828125 0.34836852207293667 0.057291666666666664 0.04030710172744722
0 0.5302083333333333 0.6804222648752399 0.023958333333333335 0.028790786948176585
0 0.5721354166666667 0.6890595009596929 0.033854166666666664 0.030710172744721688
0 0.6203125 0.6804222648752399 0.036458333333333336 0.028790786948176585
0 0.6609375 0.6852207293666027 0.019791666666666666 0.03838771593090211
0 0.7174479166666666 0.6804222648752399 0.0671875 0.028790786948176585
0 0.7723958333333333 0.6842610364683301 0.015625 0.02111324376199616
0 0.79609375 0.6804222648752399 0.0078125 0.028790786948176585
0 0.8213541666666667 0.6804222648752399 0.015625 0.028790786948176585
0 0.8479166666666667 0.6804222648752399 0.011458333333333333 0.028790786948176585
0 0.8888020833333333 0.6804222648752399 0.043229166666666666 0.028790786948176585
0 0.93359375 0.6833013435700576 0.0203125 0.03838771593090211
0 0.63359375 0.7322456813819578 0.23072916666666668 0.04030710172744722
0 0.5265625 0.8071017274472169 0.016666666666666666 0.028790786948176585
0 0.5520833333333334 0.8071017274472169 0.025 0.028790786948176585
0 0.5747395833333333 0.8109404990403071 0.0109375 0.02111324376199616
0 0.5947916666666667 0.8119001919385797 0.022916666666666665 0.03838771593090211
0 0.5463541666666667 0.9097888675623801 0.05520833333333333 0.030710172744721688
0 0.5859375 0.9193857965451055 0.015625 0.030710172744721688
0 0.6080729166666666 0.9145873320537428 0.021354166666666667 0.02111324376199616
0 0.63359375 0.9145873320537428 0.0203125 0.02111324376199616
0 0.66015625 0.9097888675623801 0.024479166666666666 0.030710172744721688
0 0.6822916666666666 0.9145873320537428 0.010416666666666666 0.02111324376199616
0 0.7018229166666666 0.9107485604606526 0.022395833333333334 0.028790786948176585
0 0.7338541666666667 0.9107485604606526 0.034375 0.028790786948176585
0 0.7598958333333333 0.9145873320537428 0.010416666666666666 0.02111324376199616
0 0.7809895833333333 0.9145873320537428 0.024479166666666666 0.04030710172744722
0 0.8270833333333333 0.9145873320537428 0.057291666666666664 0.04030710172744722
0 0.8661458333333333 0.9193857965451055 0.014583333333333334 0.030710172744721688
0 0.88125 0.9097888675623801 0.007291666666666667 0.030710172744721688
0 0.89921875 0.9097888675623801 0.021354166666666667 0.030710172744721688
0 0.9200520833333333 0.9097888675623801 0.0109375 0.030710172744721688
0 0.93671875 0.9097888675623801 0.015104166666666667 0.030710172744721688
0 0.95390625 0.9097888675623801 0.009895833333333333 0.030710172744721688
0 0.5223958333333333 0.9577735124760077 0.007291666666666667 0.030710172744721688
0 0.5606770833333333 0.9625719769673704 0.06197916666666667 0.04030710172744722
