0 0.04010416666666667 0.11153846153846154 0.053125 0.06538461538461539
0 0.03567708333333333 0.23557692307692307 0.0421875 0.04038461538461539
0 0.13411458333333334 0.3548076923076923 0.0234375 0.01730769230769231
0 0.03802083333333333 0.41346153846153844 0.0375 0.019230769230769232
0 0.06953125 0.4153846153846154 0.009895833333333333 0.015384615384615385
0 0.09140625 0.4153846153846154 0.027604166666666666 0.026923076923076925
0 0.028125 0.44711538461538464 0.003125 0.01730769230769231
0 0.0609375 0.44711538461538464 0.027083333333333334 0.01730769230769231
0 0.08411458333333334 0.44711538461538464 0.005729166666666666 0.01730769230769231
0 0.019791666666666666 0.5451923076923076 0.011458333333333333 0.032692307692307694
0 0.04088541666666667 0.5471153846153847 0.022395833333333334 0.021153846153846155
0 0.06875 0.5471153846153847 0.028125 0.021153846153846155
0 0.10520833333333333 0.5471153846153847 0.03958333333333333 0.021153846153846155
0 0.21666666666666667 0.09615384615384616 0.03333333333333333 0.019230769230769232
0 0.24869791666666666 0.09615384615384616 0.025520833333333333 0.019230769230769232
0 0.2671875 0.09903846153846153 0.00625 0.013461538461538462
0 0.28020833333333334 0.09903846153846153 0.013541666666666667 0.025
0 0.21171875 0.1605769230769231 0.030729166666666665 0.01730769230769231
0 0.24401041666666667 0.16346153846153846 0.030729166666666665 0.023076923076923078
0 0.27760416666666665 0.1605769230769231 0.017708333333333333 0.01730769230769231
0 0.30182291666666666 0.1605769230769231 0.0109375 0.01730769230769231
0 0.33046875 0.16346153846153846 0.0265625 0.023076923076923078
0 0.3619791666666667 0.1605769230769231 0.016666666666666666 0.01730769230769231
0 0.38776041666666666 0.1605769230769231 0.0140625 0.01730769230769231
0 0.4114583333333333 0.1605769230769231 0.0125 0.01730769230769231
0 0.96171875 0.025 0.0046875 0.0038461538461538464
0 0.9846354166666667 0.021153846153846155 0.0203125 0.019230769230769232
0 0.8026041666666667 0.10288461538461538 0.06979166666666667 0.025
0 0.8513020833333333 0.10961538461538461 0.0203125 0.026923076923076925
0 0.8731770833333333 0.10192307692307692 0.018229166666666668 0.026923076923076925
0 0.9098958333333333 0.10576923076923077 0.04895833333333333 0.03461538461538462
0 0.9471354166666667 0.10576923076923077 0.019270833333333334 0.03461538461538462
0 0.9770833333333333 0.10192307692307692 0.03333333333333333 0.026923076923076925
0 0.5861979166666667 0.29134615384615387 0.0234375 0.032692307692307694
0 0.70546875 0.2923076923076923 0.0265625 0.03461538461538462
0 0.82265625 0.2903846153846154 0.0265625 0.03461538461538462
0 0.5799479166666667 0.32596153846153847 0.0140625 0.07884615384615384
0 0.7041666666666667 0.3403846153846154 0.021875 0.015384615384615385
0 0.8174479166666667 0.3375 0.013020833333333334 0.01730769230769231
0 0.35130208333333335 0.49038461538461536 0.018229166666666668 0.038461538461538464
0 0.375 0.4894230769230769 0.008333333333333333 0.04038461538461539
0 0.35989583333333336 0.5615384615384615 0.035416666666666666 0.04230769230769231
0 0.6067708333333334 0.5759615384615384 0.06458333333333334 0.03653846153846154
0 0.72421875 0.5759615384615384 0.06510416666666667 0.03653846153846154
0 0.83125 0.5759615384615384 0.04375 0.03653846153846154
0 0.8700520833333333 0.5759615384615384 0.008854166666666666 0.032692307692307694
0 0.228125 0.6528846153846154 0.029166666666666667 0.01730769230769231
0 0.2526041666666667 0.6557692307692308 0.016666666666666666 0.023076923076923078
0 0.3453125 0.6528846153846154 0.028125 0.01730769230769231
0 0.36744791666666665 0.6528846153846154 0.013020833333333334 0.01730769230769231
0 0.38333333333333336 0.6528846153846154 0.015625 0.01730769230769231
0 0.46067708333333335 0.6528846153846154 0.013020833333333334 0.01730769230769231
0 0.47213541666666664 0.6528846153846154 0.0067708333333333336 0.01730769230769231
0 0.48333333333333334 0.6567307692307692 0.011458333333333333 0.025
0 0.5200520833333333 0.6519230769230769 0.0026041666666666665 0.019230769230769232
0 0.58203125 0.6557692307692308 0.03177083333333333 0.023076923076923078
0 0.60390625 0.6528846153846154 0.008854166666666666 0.01730769230769231
0 0.6203125 0.6557692307692308 0.019791666666666666 0.023076923076923078
0 0.6997395833333333 0.6557692307692308 0.03177083333333333 0.023076923076923078
0 0.7283854166666667 0.6557692307692308 0.021354166666666667 0.023076923076923078
0 0.7442708333333333 0.6548076923076923 0.00625 0.021153846153846155
0 0.8174479166666667 0.6557692307692308 0.03177083333333333 0.023076923076923078
0 0.8450520833333334 0.6528846153846154 0.019270833333333334 0.01730769230769231
0 0.8627604166666667 0.6548076923076923 0.011979166666666667 0.021153846153846155
0 0.24401041666666667 0.7769230769230769 0.044270833333333336 0.05
0 0.3528645833333333 0.7798076923076923 0.0171875 0.025
0 0.36692708333333335 0.7798076923076923 0.0067708333333333336 0.01730769230769231
0 0.38177083333333334 0.7798076923076923 0.01875 0.01730769230769231
0 0.584375 0.775 0.017708333333333333 0.05
0 0.6078125 0.775 0.013541666666666667 0.05
0 0.8302083333333333 0.7798076923076923 0.0375 0.013461538461538462
0 0.36276041666666664 0.8067307692307693 0.03697916666666667 0.025
0 0.965625 0.15096153846153845 0.010416666666666666 0.01730769230769231
0 0.9828125 0.15096153846153845 0.017708333333333333 0.01730769230769231
