0 0.22705078125 0.030303030303030304 0.0791015625 0.03409090909090909
0 0.3564453125 0.13068181818181818 0.0390625 0.022727272727272728
0 0.41162109375 0.13352272727272727 0.0517578125 0.032196969696969696
0 0.478515625 0.12973484848484848 0.060546875 0.02462121212121212
0 0.5234375 0.12973484848484848 0.0078125 0.02462121212121212
0 0.56982421875 0.13352272727272727 0.0634765625 0.032196969696969696
0 0.62109375 0.13352272727272727 0.01953125 0.017045454545454544
0 0.6669921875 0.12973484848484848 0.05078125 0.02462121212121212
0 0.73046875 0.12973484848484848 0.05859375 0.02462121212121212
0 0.77783203125 0.12973484848484848 0.0166015625 0.02462121212121212
0 0.23876953125 0.17518939393939395 0.0986328125 0.028409090909090908
0 0.30908203125 0.17329545454545456 0.0244140625 0.032196969696969696
0 0.357421875 0.17140151515151514 0.0546875 0.020833333333333332
0 0.39404296875 0.17234848484848486 0.0068359375 0.04924242424242424
0 0.439453125 0.16950757575757575 0.05859375 0.02462121212121212
0 0.48291015625 0.16950757575757575 0.0126953125 0.02462121212121212
0 0.51953125 0.17234848484848486 0.044921875 0.03409090909090909
0 0.55908203125 0.16950757575757575 0.0166015625 0.02462121212121212
0 0.6328125 0.17329545454545456 0.115234375 0.032196969696969696
0 0.70849609375 0.16950757575757575 0.0185546875 0.02462121212121212
0 0.755859375 0.17329545454545456 0.060546875 0.032196969696969696
0 0.25048828125 0.21496212121212122 0.1220703125 0.032196969696969696
0 0.3193359375 0.21496212121212122 0.001953125 0.017045454545454544
0 0.337890625 0.21117424242424243 0.01953125 0.02462121212121212
0 0.38330078125 0.21117424242424243 0.0576171875 0.02462121212121212
0 0.42919921875 0.21117424242424243 0.0166015625 0.02462121212121212
0 0.4833984375 0.21212121212121213 0.080078125 0.026515151515151516
0 0.54052734375 0.21117424242424243 0.0185546875 0.02462121212121212
0 0.6162109375 0.21496212121212122 0.1171875 0.032196969696969696
0 0.69091796875 0.21117424242424243 0.0166015625 0.02462121212121212
0 0.7119140625 0.21117424242424243 0.013671875 0.02462121212121212
0 0.755859375 0.21117424242424243 0.060546875 0.02462121212121212
0 0.2080078125 0.2556818181818182 0.0390625 0.03409090909090909
0 0.24072265625 0.2509469696969697 0.0126953125 0.02462121212121212
0 0.28564453125 0.2528409090909091 0.0634765625 0.020833333333333332
0 0.34130859375 0.2509469696969697 0.0341796875 0.02462121212121212
0 0.3876953125 0.2547348484848485 0.044921875 0.032196969696969696
0 0.453125 0.2509469696969697 0.07421875 0.02462121212121212
0 0.50146484375 0.2509469696969697 0.0126953125 0.02462121212121212
0 0.5537109375 0.2518939393939394 0.080078125 0.026515151515151516
0 0.609375 0.2509469696969697 0.01953125 0.02462121212121212
0 0.66455078125 0.2547348484848485 0.0791015625 0.017045454545454544
0 0.748046875 0.2509469696969697 0.07421875 0.02462121212121212
0 0.220703125 0.29829545454545453 0.064453125 0.028409090909090908
0 0.2724609375 0.29261363636363635 0.02734375 0.02462121212121212
0 0.3212890625 0.29261363636363635 0.060546875 0.02462121212121212
0 0.36767578125 0.29640151515151514 0.0185546875 0.017045454545454544
0 0.41552734375 0.29640151515151514 0.0654296875 0.032196969696969696
0 0.47265625 0.3001893939393939 0.037109375 0.02462121212121212
0 0.50244140625 0.29261363636363635 0.0126953125 0.02462121212121212
0 0.544921875 0.29640151515151514 0.060546875 0.032196969696969696
0 0.64404296875 0.29640151515151514 0.1259765625 0.032196969696969696
0 0.72607421875 0.29450757575757575 0.0244140625 0.020833333333333332
0 0.2177734375 0.4015151515151515 0.05859375 0.03409090909090909
0 0.20849609375 0.5018939393939394 0.0400390625 0.022727272727272728
0 0.259765625 0.5047348484848485 0.044921875 0.032196969696969696
0 0.30615234375 0.5009469696969697 0.0302734375 0.02462121212121212
0 0.37060546875 0.5047348484848485 0.0810546875 0.032196969696969696
0 0.4287109375 0.5009469696969697 0.01953125 0.02462121212121212
0 0.47900390625 0.5037878787878788 0.0634765625 0.03409090909090909
0 0.58349609375 0.5047348484848485 0.1259765625 0.032196969696969696
0 0.66015625 0.5009469696969697 0.0078125 0.02462121212121212
0 0.71484375 0.5047348484848485 0.0859375 0.032196969696969696
0 0.775390625 0.5009469696969697 0.01953125 0.02462121212121212
0 0.3349609375 0.5445075757575758 0.0703125 0.032196969696969696
0 0.443359375 0.5445075757575758 0.103515625 0.032196969696969696
0 0.5234375 0.5426136363636364 0.013671875 0.020833333333333332
0 0.5556640625 0.540719696969697 0.0078125 0.02462121212121212
0 0.6259765625 0.540719696969697 0.08984375 0.02462121212121212
0 0.701171875 0.540719696969697 0.01953125 0.02462121212121212
0 0.7587890625 0.540719696969697 0.052734375 0.02462121212121212
0 0.3623046875 0.5861742424242424 0.126953125 0.032196969696969696
0 0.44921875 0.5852272727272727 0.017578125 0.022727272727272728
0 0.47900390625 0.5823863636363636 0.0126953125 0.02462121212121212
0 0.51123046875 0.5861742424242424 0.0224609375 0.017045454545454544
0 0.5673828125 0.5833333333333334 0.060546875 0.026515151515151516
0 0.61572265625 0.5823863636363636 0.0087890625 0.02462121212121212
0 0.6640625 0.5823863636363636 0.0625 0.02462121212121212
0 0.720703125 0.5823863636363636 0.0234375 0.02462121212121212
0 0.76611328125 0.5823863636363636 0.0380859375 0.02462121212121212
0 0.34423828125 0.6259469696969697 0.0908203125 0.032196969696969696
0 0.4365234375 0.6259469696969697 0.068359375 0.032196969696969696
0 0.51220703125 0.6259469696969697 0.0595703125 0.032196969696969696
0 0.5771484375 0.6231060606060606 0.048828125 0.026515151515151516
0 0.63134765625 0.6221590909090909 0.0341796875 0.02462121212121212
0 0.68994140625 0.6221590909090909 0.0576171875 0.02462121212121212
0 0.74365234375 0.6268939393939394 0.0283203125 0.01893939393939394
0 0.77783203125 0.6221590909090909 0.0166015625 0.02462121212121212
0 0.3369140625 0.6685606060606061 0.076171875 0.030303030303030304
0 0.388671875 0.6676136363636364 0.01953125 0.017045454545454544
0 0.41015625 0.6638257575757576 0.017578125 0.02462121212121212
0 0.46484375 0.6676136363636364 0.0859375 0.032196969696969696
0 0.52294921875 0.6638257575757576 0.0244140625 0.02462121212121212
0 0.5751953125 0.6638257575757576 0.0703125 0.02462121212121212
0 0.6474609375 0.6638257575757576 0.064453125 0.02462121212121212
0 0.7265625 0.6695075757575758 0.083984375 0.028409090909090908
0 0.77978515625 0.6638257575757576 0.0126953125 0.02462121212121212
0 0.32958984375 0.7035984848484849 0.0615234375 0.02462121212121212
0 0.4111328125 0.7073863636363636 0.095703125 0.032196969696969696
0 0.48388671875 0.7035984848484849 0.0439453125 0.02462121212121212
0 0.5283203125 0.7026515151515151 0.03125 0.06439393939393939
0 0.55419921875 0.7035984848484849 0.0126953125 0.02462121212121212
0 0.5947265625 0.7073863636363636 0.060546875 0.032196969696969696
0 0.6376953125 0.7035984848484849 0.013671875 0.02462121212121212
0 0.70166015625 0.7073863636363636 0.1103515625 0.032196969696969696
0 0.7744140625 0.7045454545454546 0.0234375 0.022727272727272728
0 0.31982421875 0.7490530303030303 0.0400390625 0.017045454545454544
0 0.3525390625 0.7452651515151515 0.017578125 0.02462121212121212
0 0.3837890625 0.7471590909090909 0.03515625 0.020833333333333332
0 0.4306640625 0.7490530303030303 0.048828125 0.032196969696969696
0 0.470703125 0.7490530303030303 0.01953125 0.017045454545454544
0 0.52001953125 0.7490530303030303 0.0693359375 0.032196969696969696
0 0.57861328125 0.7452651515151515 0.0361328125 0.02462121212121212
0 0.6318359375 0.7452651515151515 0.060546875 0.02462121212121212
0 0.7216796875 0.7452651515151515 0.109375 0.02462121212121212
0 0.78369140625 0.7490530303030303 0.0029296875 0.017045454545454544
0 0.32080078125 0.7850378787878788 0.0439453125 0.02462121212121212
0 0.36962890625 0.7897727272727273 0.0361328125 0.030303030303030304
0 0.404296875 0.7850378787878788 0.01171875 0.02462121212121212
0 0.46728515625 0.7897727272727273 0.0966796875 0.03409090909090909
0 0.5380859375 0.7888257575757576 0.0234375 0.032196969696969696
0 0.58984375 0.7850378787878788 0.060546875 0.02462121212121212
0 0.6337890625 0.7850378787878788 0.0078125 0.02462121212121212
0 0.66357421875 0.7850378787878788 0.0341796875 0.02462121212121212
0 0.69580078125 0.7850378787878788 0.0126953125 0.02462121212121212
0 0.7353515625 0.7888257575757576 0.048828125 0.032196969696969696
0 0.77734375 0.7850378787878788 0.017578125 0.02462121212121212
0 0.349609375 0.8248106060606061 0.1015625 0.02462121212121212
0 0.4404296875 0.8285984848484849 0.0546875 0.032196969696969696
0 0.49072265625 0.8248106060606061 0.0185546875 0.02462121212121212
0 0.5439453125 0.8285984848484849 0.060546875 0.032196969696969696
0 0.650390625 0.8285984848484849 0.126953125 0.032196969696969696
0 0.74365234375 0.8285984848484849 0.0322265625 0.032196969696969696
0 0.77978515625 0.8248106060606061 0.0126953125 0.02462121212121212
0 0.3447265625 0.8712121212121212 0.091796875 0.03409090909090909
0 0.419921875 0.8702651515151515 0.0234375 0.032196969696969696
0 0.4736328125 0.8664772727272727 0.060546875 0.02462121212121212
0 0.51953125 0.8664772727272727 0.0078125 0.02462121212121212
0 0.55126953125 0.8664772727272727 0.0341796875 0.02462121212121212
0 0.58544921875 0.8664772727272727 0.0126953125 0.02462121212121212
0 0.626953125 0.8702651515151515 0.048828125 0.032196969696969696
0 0.67138671875 0.8664772727272727 0.0166015625 0.02462121212121212
0 0.720703125 0.8664772727272727 0.060546875 0.02462121212121212
0 0.77294921875 0.8664772727272727 0.0244140625 0.02462121212121212
0 0.33837890625 0.90625 0.0791015625 0.02462121212121212
0 0.43408203125 0.9119318181818182 0.0986328125 0.028409090909090908
0 0.4990234375 0.90625 0.01953125 0.02462121212121212
0 0.544921875 0.9100378787878788 0.060546875 0.032196969696969696
0 0.58740234375 0.90625 0.0146484375 0.02462121212121212
0 0.65234375 0.9100378787878788 0.109375 0.032196969696969696
0 0.99169921875 0.9706439393939394 0.0068359375 0.013257575757575758
