0 0.02421875 0.02099236641221374 0.03802083333333333 0.030534351145038167
0 0.059895833333333336 0.020038167938931296 0.00625 0.02480916030534351
0 0.08072916666666667 0.02099236641221374 0.016666666666666666 0.030534351145038167
0 0.49947916666666664 0.02385496183206107 0.052083333333333336 0.01717557251908397
0 0.5091145833333334 0.02862595419847328 0.0026041666666666665 0.05725190839694656
0 0.5203125 0.02862595419847328 0.014583333333333334 0.05725190839694656
0 0.05182291666666667 0.0715648854961832 0.024479166666666666 0.01717557251908397
0 0.09427083333333333 0.0715648854961832 0.030208333333333334 0.01717557251908397
0 0.13984375 0.0715648854961832 0.028645833333333332 0.01717557251908397
0 0.16536458333333334 0.06393129770992366 0.005729166666666666 0.08206106870229007
0 0.18203125 0.0715648854961832 0.0171875 0.01717557251908397
0 0.20260416666666667 0.0715648854961832 0.013541666666666667 0.01717557251908397
0 0.2421875 0.06870229007633588 0.034375 0.022900763358778626
0 0.2682291666666667 0.07251908396946564 0.003125 0.04580152671755725
0 0.29583333333333334 0.0715648854961832 0.041666666666666664 0.01717557251908397
0 0.3453125 0.06870229007633588 0.025 0.022900763358778626
0 0.3671875 0.07251908396946564 0.005208333333333333 0.04580152671755725
0 0.38958333333333334 0.0715648854961832 0.03229166666666667 0.01717557251908397
0 0.9466145833333334 0.02099236641221374 0.0067708333333333336 0.019083969465648856
0 0.96171875 0.02480916030534351 0.0046875 0.003816793893129771
0 0.9921875 0.02099236641221374 0.005208333333333333 0.019083969465648856
0 0.4434895833333333 0.06870229007633588 0.044270833333333336 0.022900763358778626
0 0.496875 0.0715648854961832 0.03125 0.01717557251908397
0 0.5111979166666667 0.07061068702290077 0.0067708333333333336 0.05725190839694656
0 0.9690104166666667 0.06965648854961833 0.028645833333333332 0.01717557251908397
0 0.99375 0.07061068702290077 0.0125 0.04580152671755725
0 0.04088541666666667 0.12213740458015267 0.0296875 0.030534351145038167
0 0.14401041666666667 0.11736641221374046 0.0453125 0.06679389312977099
0 0.21171875 0.1269083969465649 0.0140625 0.0057251908396946565
0 0.3453125 0.12881679389312978 0.016666666666666666 0.013358778625954198
0 0.8125 0.13072519083969467 0.030208333333333334 0.0019083969465648854
0 0.925 0.11736641221374046 0.009375 0.06679389312977099
0 0.9479166666666666 0.12309160305343511 0.030208333333333334 0.01717557251908397
0 0.96953125 0.12309160305343511 0.0026041666666666665 0.0057251908396946565
0 0.03958333333333333 0.16698473282442747 0.028125 0.02862595419847328
0 0.14713541666666666 0.14026717557251908 0.0515625 0.04007633587786259
0 0.17161458333333332 0.14026717557251908 0.019270833333333334 0.06297709923664122
0 0.19869791666666667 0.1364503816793893 0.013020833333333334 0.04007633587786259
0 0.23307291666666666 0.1364503816793893 0.013020833333333334 0.01717557251908397
0 0.25286458333333334 0.13740458015267176 0.0067708333333333336 0.026717557251908396
0 0.3375 0.13931297709923665 0.008333333333333333 0.015267175572519083
0 0.35390625 0.1364503816793893 0.0067708333333333336 0.02862595419847328
0 0.3697916666666667 0.13740458015267176 0.005208333333333333 0.022900763358778626
0 0.37916666666666665 0.1431297709923664 0.004166666666666667 0.061068702290076333
0 0.4 0.14885496183206107 0.030208333333333334 0.019083969465648856
0 0.4375 0.14885496183206107 0.030208333333333334 0.019083969465648856
0 0.475 0.14885496183206107 0.030208333333333334 0.026717557251908396
0 0.5125 0.14694656488549618 0.030208333333333334 0.022900763358778626
0 0.55 0.1431297709923664 0.030208333333333334 0.03816793893129771
0 0.5875 0.14885496183206107 0.030208333333333334 0.019083969465648856
0 0.625 0.14980916030534353 0.030208333333333334 0.02099236641221374
0 0.6625 0.14885496183206107 0.030208333333333334 0.019083969465648856
0 0.7 0.14885496183206107 0.030208333333333334 0.019083969465648856
0 0.7375 0.14885496183206107 0.030208333333333334 0.019083969465648856
0 0.775 0.14980916030534353 0.030208333333333334 0.02099236641221374
0 0.8125 0.14885496183206107 0.030208333333333334 0.019083969465648856
0 0.85 0.14980916030534353 0.030208333333333334 0.01717557251908397
0 0.8875 0.14980916030534353 0.030208333333333334 0.01717557251908397
0 0.9252604166666667 0.16030534351145037 0.005729166666666666 0.011450381679389313
0 0.9471354166666667 0.16984732824427481 0.028645833333333332 0.022900763358778626
0 0.013020833333333334 0.1946564885496183 0.015625 0.04580152671755725
0 0.15859375 0.19751908396946566 0.0026041666666666665 0.0057251908396946565
0 0.19296875 0.18893129770992367 0.0015625 0.007633587786259542
0 0.21432291666666667 0.19751908396946566 0.0026041666666666665 0.0057251908396946565
0 0.23255208333333333 0.1984732824427481 0.0026041666666666665 0.007633587786259542
0 0.25026041666666665 0.19751908396946566 0.0026041666666666665 0.0057251908396946565
0 0.3497395833333333 0.19751908396946566 0.0026041666666666665 0.0057251908396946565
0 0.36744791666666665 0.19751908396946566 0.0026041666666666665 0.0057251908396946565
0 0.40260416666666665 0.19751908396946566 0.015625 0.04007633587786259
0 0.4356770833333333 0.1984732824427481 0.0046875 0.011450381679389313
0 0.4432291666666667 0.19751908396946566 0.004166666666666667 0.04007633587786259
0 0.4744791666666667 0.19751908396946566 0.008333333333333333 0.04007633587786259
0 0.5119791666666667 0.19751908396946566 0.008333333333333333 0.04007633587786259
0 0.5520833333333334 0.19751908396946566 0.008333333333333333 0.04007633587786259
0 0.5890625 0.1984732824427481 0.022916666666666665 0.011450381679389313
0 0.6236979166666666 0.1984732824427481 0.021354166666666667 0.011450381679389313
0 0.6609375 0.19751908396946566 0.020833333333333332 0.04007633587786259
0 0.6989583333333333 0.1984732824427481 0.023958333333333335 0.011450381679389313
0 0.7109375 0.19751908396946566 0.005208333333333333 0.04007633587786259
0 0.7388020833333333 0.1984732824427481 0.0109375 0.03816793893129771
0 0.7760416666666666 0.1984732824427481 0.01875 0.03816793893129771
0 0.80859375 0.1984732824427481 0.016145833333333335 0.03816793893129771
0 0.8252604166666667 0.1984732824427481 0.0109375 0.03816793893129771
0 0.8515625 0.19561068702290077 0.026041666666666668 0.01717557251908397
0 0.8890625 0.19561068702290077 0.026041666666666668 0.01717557251908397
0 0.9265625 0.1736641221374046 0.008333333333333333 0.011450381679389313
0 0.012760416666666666 0.21851145038167938 0.0026041666666666665 0.0057251908396946565
0 0.0296875 0.20229007633587787 0.007291666666666667 0.061068702290076333
0 0.05364583333333333 0.21374045801526717 0.035416666666666666 0.022900763358778626
0 0.09375 0.21087786259541985 0.03854166666666667 0.01717557251908397
0 0.1265625 0.19561068702290077 0.004166666666666667 0.01717557251908397
0 0.13828125 0.19561068702290077 0.0036458333333333334 0.01717557251908397
0 0.15 0.19751908396946566 0.004166666666666667 0.02099236641221374
0 0.17291666666666666 0.1984732824427481 0.01875 0.019083969465648856
0 0.18958333333333333 0.19751908396946566 0.004166666666666667 0.013358778625954198
0 0.20677083333333332 0.19561068702290077 0.00625 0.02480916030534351
0 0.23229166666666667 0.19751908396946566 0.027083333333333334 0.03244274809160305
0 0.3494791666666667 0.1965648854961832 0.025 0.030534351145038167
0 0.3997395833333333 0.20038167938931298 0.024479166666666666 0.026717557251908396
0 0.45234375 0.19561068702290077 0.0609375 0.01717557251908397
0 0.5075520833333333 0.19561068702290077 0.0067708333333333336 0.01717557251908397
0 0.5192708333333333 0.19561068702290077 0.003125 0.01717557251908397
0 0.5484375 0.1984732824427481 0.009375 0.04961832061068702
0 0.5848958333333333 0.19561068702290077 0.020833333333333332 0.01717557251908397
0 0.6174479166666667 0.1984732824427481 0.015104166666666667 0.022900763358778626
0 0.6598958333333333 0.19561068702290077 0.028125 0.01717557251908397
0 0.6958333333333333 0.1984732824427481 0.00625 0.022900763358778626
0 0.7315104166666667 0.1965648854961832 0.005729166666666666 0.04961832061068702
0 0.7708333333333334 0.1965648854961832 0.0125 0.04961832061068702
0 0.8026041666666667 0.1965648854961832 0.0125 0.04961832061068702
0 0.8390625 0.1965648854961832 0.010416666666666666 0.04961832061068702
0 0.8765625 0.1965648854961832 0.010416666666666666 0.04961832061068702
0 0.92578125 0.2013358778625954 0.0067708333333333336 0.05916030534351145
0 0.9515625 0.21087786259541985 0.0375 0.01717557251908397
0 0.0453125 0.25572519083969464 0.017708333333333333 0.015267175572519083
0 0.06458333333333334 0.25095419847328243 0.01875 0.06679389312977099
0 0.11484375 0.2566793893129771 0.0036458333333333334 0.013358778625954198
0 0.18567708333333333 0.24904580152671757 0.015104166666666667 0.06679389312977099
0 0.2565104166666667 0.2566793893129771 0.0036458333333333334 0.013358778625954198
0 0.31484375 0.25763358778625955 0.0296875 0.019083969465648856
0 0.3736979166666667 0.2566793893129771 0.0036458333333333334 0.013358778625954198
0 0.64375 0.25763358778625955 0.011458333333333333 0.019083969465648856
0 0.93828125 0.25572519083969464 0.0515625 0.015267175572519083
0 0.9924479166666667 0.25572519083969464 0.0046875 0.011450381679389313
0 0.9955729166666667 0.28912213740458015 0.0078125 0.02480916030534351
