0 0.4890625 0.08064516129032258 0.03125 0.05806451612903226
0 0.5080729166666667 0.08709677419354839 0.0015625 0.0064516129032258064
0 0.5182291666666666 0.08064516129032258 0.014583333333333334 0.05806451612903226
0 0.05182291666666667 0.24193548387096775 0.024479166666666666 0.05806451612903226
0 0.09427083333333333 0.24193548387096775 0.030208333333333334 0.05806451612903226
0 0.13984375 0.23225806451612904 0.028645833333333332 0.07741935483870968
0 0.16458333333333333 0.24516129032258063 0.00625 0.15483870967741936
0 0.18984375 0.24193548387096775 0.0390625 0.05806451612903226
0 0.2421875 0.23225806451612904 0.034375 0.07741935483870968
0 0.2682291666666667 0.24516129032258063 0.005208333333333333 0.15483870967741936
0 0.29609375 0.24193548387096775 0.0421875 0.05806451612903226
0 0.3255208333333333 0.24516129032258063 0.007291666666666667 0.15483870967741936
0 0.3453125 0.23225806451612904 0.025 0.07741935483870968
0 0.36770833333333336 0.24516129032258063 0.004166666666666667 0.15483870967741936
0 0.38958333333333334 0.24193548387096775 0.03229166666666667 0.05806451612903226
0 0.4140625 0.24516129032258063 0.007291666666666667 0.15483870967741936
0 0.4434895833333333 0.23225806451612904 0.044270833333333336 0.07741935483870968
0 0.496875 0.24193548387096775 0.03125 0.05806451612903226
0 0.5109375 0.24516129032258063 0.007291666666666667 0.15483870967741936
0 0.05260416666666667 0.4032258064516129 0.021875 0.2129032258064516
0 0.07760416666666667 0.4032258064516129 0.022916666666666665 0.2129032258064516
0 0.13645833333333332 0.4612903225806452 0.007291666666666667 0.12258064516129032
0 0.19270833333333334 0.4129032258064516 0.07083333333333333 0.1032258064516129
0 0.22135416666666666 0.42258064516129035 0.015625 0.25161290322580643
0 0.30104166666666665 0.4032258064516129 0.005208333333333333 0.2129032258064516
0 0.35208333333333336 0.4161290322580645 0.08958333333333333 0.05806451612903226
0 0.3458333333333333 0.4032258064516129 0.013541666666666667 0.2129032258064516
0 0.35859375 0.4032258064516129 0.0078125 0.2129032258064516
0 0.3815104166666667 0.4129032258064516 0.030729166666666665 0.09032258064516129
0 0.4036458333333333 0.4032258064516129 0.003125 0.2129032258064516
0 0.4109375 0.4 0.00625 0.07741935483870968
0 0.4317708333333333 0.4032258064516129 0.007291666666666667 0.2129032258064516
0 0.44765625 0.4161290322580645 0.018229166666666668 0.05806451612903226
0 0.46901041666666665 0.4032258064516129 0.019270833333333334 0.2129032258064516
0 0.5309895833333333 0.4032258064516129 0.008854166666666666 0.2129032258064516
0 0.5466145833333333 0.4161290322580645 0.0171875 0.05806451612903226
0 0.5622395833333333 0.4258064516129032 0.008854166666666666 0.03870967741935484
0 0.5760416666666667 0.4161290322580645 0.013541666666666667 0.05806451612903226
0 0.5888020833333333 0.4032258064516129 0.0078125 0.2129032258064516
0 0.6075520833333333 0.4129032258064516 0.03177083333333333 0.09032258064516129
0 0.053125 0.5612903225806452 0.026041666666666668 0.09032258064516129
0 0.06458333333333334 0.5516129032258065 0.0020833333333333333 0.2129032258064516
0 0.08541666666666667 0.5645161290322581 0.030208333333333334 0.05806451612903226
0 0.08307291666666666 0.5516129032258065 0.0046875 0.2129032258064516
0 0.09348958333333333 0.5645161290322581 0.0140625 0.05806451612903226
0 0.16041666666666668 0.5516129032258065 0.010416666666666666 0.2129032258064516
0 0.18802083333333333 0.5645161290322581 0.040625 0.05806451612903226
0 0.18619791666666666 0.5516129032258065 0.0046875 0.2129032258064516
0 0.1953125 0.5516129032258065 0.009375 0.2129032258064516
0 0.20520833333333333 0.5516129032258065 0.00625 0.2129032258064516
0 0.21510416666666668 0.5741935483870968 0.0020833333333333333 0.03870967741935484
0 0.234375 0.567741935483871 0.027083333333333334 0.05161290322580645
0 0.25442708333333336 0.5645161290322581 0.0026041666666666665 0.01935483870967742
0 0.30442708333333335 0.5612903225806452 0.0015625 0.09032258064516129
0 0.31875 0.5645161290322581 0.021875 0.05806451612903226
0 0.328125 0.5516129032258065 0.0020833333333333333 0.2129032258064516
0 0.3377604166666667 0.5741935483870968 0.0078125 0.03870967741935484
0 0.3450520833333333 0.5645161290322581 0.0005208333333333333 0.05806451612903226
0 0.35494791666666664 0.5645161290322581 0.0171875 0.05806451612903226
0 0.4356770833333333 0.5612903225806452 0.0015625 0.09032258064516129
0 0.45 0.5645161290322581 0.021875 0.05806451612903226
0 0.459375 0.5516129032258065 0.0020833333333333333 0.2129032258064516
0 0.46901041666666665 0.5741935483870968 0.0078125 0.03870967741935484
0 0.48463541666666665 0.5645161290322581 0.0171875 0.05806451612903226
0 0.5346354166666667 0.5612903225806452 0.0015625 0.09032258064516129
0 0.5489583333333333 0.5645161290322581 0.021875 0.05806451612903226
0 0.5583333333333333 0.5516129032258065 0.0020833333333333333 0.2129032258064516
0 0.56796875 0.5741935483870968 0.0078125 0.03870967741935484
0 0.5752604166666667 0.5645161290322581 0.0005208333333333333 0.05806451612903226
0 0.58515625 0.5645161290322581 0.0171875 0.05806451612903226
0 0.01171875 0.635483870967742 0.015104166666666667 0.05806451612903226
0 0.02578125 0.635483870967742 0.008854166666666666 0.05806451612903226
0 0.03671875 0.5612903225806452 0.005729166666666666 0.09032258064516129
0 0.06848958333333334 0.5838709677419355 0.0015625 0.05806451612903226
0 0.11901041666666666 0.6419354838709678 0.018229166666666668 0.13548387096774195
0 0.13515625 0.6451612903225806 0.009895833333333333 0.03870967741935484
0 0.14817708333333332 0.6387096774193548 0.011979166666666667 0.05161290322580645
0 0.16354166666666667 0.5709677419354838 0.004166666666666667 0.08387096774193549
0 0.21510416666666668 0.5838709677419355 0.009375 0.05806451612903226
0 0.27317708333333335 0.6419354838709678 0.018229166666666668 0.13548387096774195
0 0.28984375 0.6451612903225806 0.008854166666666666 0.03870967741935484
0 0.30026041666666664 0.5612903225806452 0.005729166666666666 0.09032258064516129
0 0.33203125 0.5838709677419355 0.0015625 0.05806451612903226
0 0.4161458333333333 0.635483870967742 0.016666666666666666 0.05806451612903226
0 0.43046875 0.6 0.0078125 0.21935483870967742
0 0.46328125 0.5838709677419355 0.0015625 0.05806451612903226
0 0.5125 0.6419354838709678 0.022916666666666665 0.13548387096774195
0 0.5294270833333333 0.6 0.0078125 0.21935483870967742
0 0.5622395833333333 0.5838709677419355 0.0015625 0.05806451612903226
0 0.0171875 0.7387096774193549 0.027083333333333334 0.05806451612903226
0 0.13229166666666667 0.7483870967741936 0.040625 0.07741935483870968
0 0.13489583333333333 0.7 0.005208333333333333 0.23870967741935484
0 0.14635416666666667 0.7483870967741936 0.0125 0.07741935483870968
0 0.17786458333333333 0.7129032258064516 0.0203125 0.05806451612903226
0 0.19427083333333334 0.7129032258064516 0.00625 0.05806451612903226
0 0.20703125 0.7161290322580646 0.0140625 0.05161290322580645
0 0.2794270833333333 0.7483870967741936 0.021354166666666667 0.07741935483870968
0 0.31145833333333334 0.7096774193548387 0.028125 0.1032258064516129
0 0.035416666666666666 0.864516129032258 0.013541666666666667 0.05161290322580645
0 0.04895833333333333 0.864516129032258 0.008333333333333333 0.05161290322580645
0 0.06640625 0.8612903225806452 0.021354166666666667 0.05806451612903226
0 0.1578125 0.864516129032258 0.014583333333333334 0.05161290322580645
0 0.17057291666666666 0.864516129032258 0.005729166666666666 0.05161290322580645
0 0.18020833333333333 0.864516129032258 0.008333333333333333 0.05161290322580645
0 0.18984375 0.864516129032258 0.005729166666666666 0.05161290322580645
0 0.2015625 0.8774193548387097 0.0125 0.05161290322580645
0 0.2565104166666667 0.867741935483871 0.0036458333333333334 0.04516129032258064
0 0.33151041666666664 0.867741935483871 0.024479166666666666 0.07096774193548387
0 0.45 0.8483870967741935 0.016666666666666666 0.2129032258064516
0 0.54375 0.864516129032258 0.013541666666666667 0.05161290322580645
0 0.5572916666666666 0.864516129032258 0.008333333333333333 0.05161290322580645
0 0.57734375 0.8612903225806452 0.0265625 0.05806451612903226
0 0.9921875 0.07096774193548387 0.005208333333333333 0.06451612903225806
0 0.9690104166666667 0.23548387096774193 0.028645833333333332 0.05806451612903226
0 0.99375 0.23870967741935484 0.0125 0.15483870967741936
