0 0.016666666666666666 0.04804270462633452 0.022916666666666665 0.09608540925266904
0 0.04244791666666667 0.037366548042704624 0.013020833333333334 0.046263345195729534
0 0.015104166666666667 0.13345195729537365 0.020833333333333332 0.03202846975088968
0 0.05182291666666667 0.13345195729537365 0.024479166666666666 0.03202846975088968
0 0.08072916666666667 0.03914590747330961 0.016666666666666666 0.05693950177935943
0 0.09427083333333333 0.13345195729537365 0.030208333333333334 0.03202846975088968
0 0.13984375 0.12811387900355872 0.028645833333333332 0.042704626334519574
0 0.17682291666666666 0.13345195729537365 0.013020833333333334 0.03202846975088968
0 0.18880208333333334 0.13345195729537365 0.0067708333333333336 0.03202846975088968
0 0.20208333333333334 0.13345195729537365 0.014583333333333334 0.03202846975088968
0 0.03671875 0.25622775800711745 0.05677083333333333 0.099644128113879
0 0.13854166666666667 0.2580071174377224 0.115625 0.1103202846975089
0 0.014322916666666666 0.35587188612099646 0.021354166666666667 0.042704626334519574
0 0.037760416666666664 0.35587188612099646 0.013020833333333334 0.042704626334519574
0 0.059895833333333336 0.3505338078291815 0.019791666666666666 0.03202846975088968
0 0.08776041666666666 0.3505338078291815 0.021354166666666667 0.03202846975088968
0 0.11614583333333334 0.35587188612099646 0.019791666666666666 0.042704626334519574
0 0.13958333333333334 0.35587188612099646 0.019791666666666666 0.042704626334519574
0 0.16354166666666667 0.3505338078291815 0.019791666666666666 0.03202846975088968
0 0.18854166666666666 0.3505338078291815 0.023958333333333335 0.03202846975088968
0 0.21770833333333334 0.35587188612099646 0.028125 0.042704626334519574
0 0.2453125 0.35587188612099646 0.020833333333333332 0.042704626334519574
0 0.014322916666666666 0.4128113879003559 0.019270833333333334 0.042704626334519574
0 0.0375 0.4181494661921708 0.016666666666666666 0.03202846975088968
0 0.06015625 0.4181494661921708 0.013020833333333334 0.03202846975088968
0 0.036458333333333336 0.4804270462633452 0.014583333333333334 0.03558718861209965
0 0.08828125 0.47686832740213525 0.0234375 0.028469750889679714
0 0.13203125 0.4128113879003559 0.005729166666666666 0.021352313167259787
0 0.14401041666666667 0.4128113879003559 0.013020833333333334 0.042704626334519574
0 0.18125 0.47686832740213525 0.03125 0.028469750889679714
0 0.2421875 0.12811387900355872 0.034375 0.042704626334519574
0 0.3807291666666667 0.0498220640569395 0.0375 0.042704626334519574
0 0.40598958333333335 0.04448398576512456 0.008854166666666666 0.03202846975088968
0 0.42473958333333334 0.04448398576512456 0.024479166666666666 0.03202846975088968
0 0.4421875 0.04448398576512456 0.00625 0.03202846975088968
0 0.4588541666666667 0.04448398576512456 0.021875 0.03202846975088968
0 0.47552083333333334 0.04448398576512456 0.00625 0.03202846975088968
0 0.4825520833333333 0.04448398576512456 0.0036458333333333334 0.03202846975088968
0 0.4984375 0.046263345195729534 0.022916666666666665 0.028469750889679714
0 0.53046875 0.0498220640569395 0.0359375 0.042704626334519574
0 0.559375 0.04804270462633452 0.017708333333333333 0.03914590747330961
0 0.5734375 0.04448398576512456 0.00625 0.03202846975088968
0 0.5973958333333333 0.0498220640569395 0.0375 0.042704626334519574
0 0.6197916666666666 0.04804270462633452 0.0010416666666666667 0.0035587188612099642
0 0.6296875 0.04448398576512456 0.014583333333333334 0.03202846975088968
0 0.29609375 0.13345195729537365 0.0421875 0.03202846975088968
0 0.3453125 0.12811387900355872 0.025 0.042704626334519574
0 0.36770833333333336 0.13523131672597866 0.004166666666666667 0.08540925266903915
0 0.38958333333333334 0.13345195729537365 0.03229166666666667 0.03202846975088968
0 0.41458333333333336 0.13523131672597866 0.00625 0.08540925266903915
0 0.4434895833333333 0.12811387900355872 0.044270833333333336 0.042704626334519574
0 0.496875 0.13345195729537365 0.03125 0.03202846975088968
0 0.5109375 0.13523131672597866 0.007291666666666667 0.08540925266903915
0 0.2755208333333333 0.26868327402135234 0.004166666666666667 0.15302491103202848
0 0.38828125 0.25444839857651247 0.034895833333333334 0.09608540925266904
0 0.43385416666666665 0.24555160142348753 0.015625 0.09252669039145907
0 0.4942708333333333 0.25444839857651247 0.058333333333333334 0.09608540925266904
0 0.546875 0.2402135231316726 0.004166666666666667 0.03202846975088968
0 0.28515625 0.35587188612099646 0.025520833333333333 0.042704626334519574
0 0.31744791666666666 0.3505338078291815 0.0140625 0.03202846975088968
0 0.35 0.3505338078291815 0.010416666666666666 0.03202846975088968
0 0.3765625 0.35587188612099646 0.016666666666666666 0.042704626334519574
0 0.3984375 0.3505338078291815 0.017708333333333333 0.03202846975088968
0 0.434375 0.3505338078291815 0.0375 0.03202846975088968
0 0.4703125 0.3505338078291815 0.008333333333333333 0.03202846975088968
0 0.48828125 0.3505338078291815 0.0109375 0.03202846975088968
0 0.5 0.3505338078291815 0.005208333333333333 0.03202846975088968
0 0.5182291666666666 0.3505338078291815 0.021875 0.03202846975088968
0 0.26979166666666665 0.4181494661921708 0.011458333333333333 0.03202846975088968
0 0.2864583333333333 0.40747330960854095 0.015625 0.03202846975088968
0 0.3171875 0.4128113879003559 0.020833333333333332 0.042704626334519574
0 0.35 0.4128113879003559 0.028125 0.042704626334519574
0 0.4703125 0.40747330960854095 0.014583333333333334 0.03202846975088968
0 0.49296875 0.4181494661921708 0.0171875 0.03202846975088968
0 0.5184895833333333 0.4128113879003559 0.025520833333333333 0.042704626334519574
0 0.28098958333333335 0.4804270462633452 0.0328125 0.03558718861209965
0 0.3171875 0.49110320284697506 0.015625 0.06405693950177936
0 0.371875 0.47686832740213525 0.0125 0.028469750889679714
0 0.43307291666666664 0.4928825622775801 0.0390625 0.060498220640569395
0 0.49609375 0.49110320284697506 0.06197916666666667 0.06405693950177936
0 0.48828125 0.4822064056939502 0.005729166666666666 0.1103202846975089
0 0.4981770833333333 0.4822064056939502 0.009895833333333333 0.1103202846975089
0 0.5096354166666667 0.4822064056939502 0.005729166666666666 0.1103202846975089
0 0.5216145833333333 0.4822064056939502 0.0140625 0.1103202846975089
0 0.5453125 0.3505338078291815 0.013541666666666667 0.03202846975088968
0 0.5580729166666667 0.3505338078291815 0.005729166666666666 0.03202846975088968
0 0.57734375 0.3540925266903915 0.0265625 0.03914590747330961
0 0.6049479166666667 0.3505338078291815 0.0234375 0.03202846975088968
0 0.6299479166666667 0.3505338078291815 0.0203125 0.03202846975088968
0 0.6473958333333333 0.3914590747330961 0.008333333333333333 0.0498220640569395
0 0.5497395833333333 0.4092526690391459 0.0171875 0.028469750889679714
0 0.6041666666666666 0.2580071174377224 0.010416666666666666 0.08896797153024912
0 0.6265625 0.23487544483985764 0.007291666666666667 0.05693950177935943
0 0.6458333333333334 0.23665480427046262 0.008333333333333333 0.1601423487544484
0 0.6703125 0.23487544483985764 0.03333333333333333 0.042704626334519574
0 0.68671875 0.23665480427046262 0.0046875 0.1601423487544484
0 0.6544270833333333 0.3096085409252669 0.022395833333333334 0.05693950177935943
0 0.6700520833333333 0.31316725978647686 0.0046875 0.028469750889679714
0 0.68203125 0.3113879003558719 0.015104166666666667 0.03202846975088968
0 0.66484375 0.398576512455516 0.022395833333333334 0.042704626334519574
0 0.61484375 0.47686832740213525 0.013020833333333334 0.028469750889679714
0 0.28880208333333335 0.5871886120996441 0.05572916666666667 0.11387900355871886
0 0.32734375 0.5587188612099644 0.016145833333333335 0.099644128113879
0 0.38125 0.5693950177935944 0.08333333333333333 0.1494661921708185
0 0.43359375 0.5765124555160143 0.011979166666666667 0.06405693950177936
0 0.4484375 0.5765124555160143 0.009375 0.06405693950177936
0 0.47942708333333334 0.5587188612099644 0.0453125 0.099644128113879
0 0.5205729166666667 0.5871886120996441 0.028645833333333332 0.11387900355871886
0 0.5440104166666667 0.5587188612099644 0.008854166666666666 0.099644128113879
0 0.5752604166666667 0.5800711743772242 0.0453125 0.05693950177935943
0 0.6140625 0.5765124555160143 0.023958333333333335 0.06405693950177936
0 0.6463541666666667 0.5871886120996441 0.03229166666666667 0.08540925266903915
0 0.28671875 0.6832740213523132 0.0515625 0.06405693950177936
0 0.321875 0.6832740213523132 0.009375 0.06405693950177936
0 0.3580729166666667 0.6903914590747331 0.05572916666666667 0.07829181494661921
0 0.39765625 0.6832740213523132 0.0140625 0.06405693950177936
0 0.43645833333333334 0.693950177935943 0.05625 0.042704626334519574
0 0.49505208333333334 0.6832740213523132 0.05260416666666667 0.06405693950177936
0 0.5471354166666667 0.697508896797153 0.043229166666666666 0.07829181494661921
0 0.5825520833333333 0.6832740213523132 0.019270833333333334 0.06405693950177936
0 0.6182291666666667 0.6832740213523132 0.04375 0.06405693950177936
0 0.65078125 0.693950177935943 0.013020833333333334 0.042704626334519574
0 0.2838541666666667 0.800711743772242 0.04583333333333333 0.08540925266903915
0 0.3229166666666667 0.8113879003558719 0.025 0.06405693950177936
0 0.34375 0.7900355871886121 0.009375 0.06405693950177936
0 0.37395833333333334 0.800711743772242 0.042708333333333334 0.08540925266903915
0 0.4432291666666667 0.800711743772242 0.0875 0.08540925266903915
0 0.5005208333333333 0.7935943060498221 0.017708333333333333 0.05693950177935943
0 0.7377604166666667 0.25622775800711745 0.013020833333333334 0.08540925266903915
0 0.7111979166666667 0.35587188612099646 0.0234375 0.042704626334519574
0 0.7380208333333333 0.35587188612099646 0.023958333333333335 0.042704626334519574
0 0.71875 0.4804270462633452 0.0125 0.03558718861209965
0 0.73359375 0.4928825622775801 0.0046875 0.03914590747330961
0 0.7497395833333333 0.4928825622775801 0.0036458333333333334 0.03914590747330961
0 0.7341145833333333 0.5925266903914591 0.0078125 0.02491103202846975
0 0.74921875 0.599644128113879 0.0046875 0.03202846975088968
0 0.7419270833333333 0.8185053380782918 0.019270833333333334 0.0498220640569395
0 0.7325520833333333 0.9181494661921709 0.0067708333333333336 0.042704626334519574
0 0.7510416666666667 0.9145907473309609 0.017708333333333333 0.10676156583629894
0 0.77578125 0.9145907473309609 0.027604166666666666 0.10676156583629894
0 0.76484375 0.603202846975089 0.0046875 0.046263345195729534
0 0.7651041666666667 0.8131672597864769 0.005208333333333333 0.03914590747330961
0 0.78046875 0.604982206405694 0.0036458333333333334 0.03558718861209965
0 0.78046875 0.8185053380782918 0.005729166666666666 0.0498220640569395
0 0.79609375 0.604982206405694 0.0036458333333333334 0.03558718861209965
0 0.9690104166666667 0.1298932384341637 0.028645833333333332 0.03202846975088968
