0 0.02109375 0.0265625 0.0265625 0.034375
0 0.04192708333333333 0.025 0.0109375 0.0375
0 0.05546875 0.0265625 0.011979166666666667 0.034375
0 0.06666666666666667 0.0203125 0.00625 0.028125
0 0.0828125 0.021875 0.021875 0.025
0 0.10234375 0.0203125 0.011979166666666667 0.028125
0 0.11744791666666667 0.021875 0.0140625 0.025
0 0.021875 0.0703125 0.028125 0.028125
0 0.0171875 0.1703125 0.01875 0.028125
0 0.03046875 0.1703125 0.0036458333333333334 0.028125
0 0.04088541666666667 0.175 0.013020833333333334 0.01875
0 0.05260416666666667 0.1703125 0.00625 0.028125
0 0.07109375 0.1703125 0.0265625 0.028125
0 0.09270833333333334 0.1796875 0.011458333333333333 0.028125
0 0.11041666666666666 0.171875 0.019791666666666666 0.025
0 0.12552083333333333 0.1703125 0.00625 0.028125
0 0.014322916666666666 0.225 0.0140625 0.03125
0 0.027083333333333334 0.225 0.00625 0.01875
0 0.041666666666666664 0.21875 0.017708333333333333 0.0875
0 0.05755208333333333 0.225 0.0078125 0.01875
0 0.06536458333333334 0.2203125 0.0036458333333333334 0.028125
0 0.07734375 0.225 0.015104166666666667 0.0375
0 0.09322916666666667 0.2296875 0.0125 0.028125
0 0.11588541666666667 0.2203125 0.028645833333333332 0.028125
0 0.013020833333333334 0.271875 0.011458333333333333 0.025
0 0.027604166666666666 0.271875 0.013541666666666667 0.025
0 0.04739583333333333 0.2703125 0.021875 0.028125
0 0.3453125 0.1734375 0.028125 0.053125
0 0.37786458333333334 0.18125 0.030729166666666665 0.075
0 0.4080729166666667 0.171875 0.021354166666666667 0.05625
0 0.42552083333333335 0.171875 0.005208333333333333 0.05625
0 0.45546875 0.18125 0.04635416666666667 0.075
0 0.48932291666666666 0.171875 0.0140625 0.05625
0 0.5234375 0.18125 0.04583333333333333 0.075
0 0.5932291666666667 0.18125 0.084375 0.075
0 0.6453125 0.171875 0.005208333333333333 0.05625
0 0.68203125 0.18125 0.059895833333333336 0.075
0 0.7229166666666667 0.171875 0.014583333333333334 0.05625
0 0.34479166666666666 0.23125 0.0010416666666666667 0.00625
0 0.6453125 0.28125 0.01875 0.05
0 0.6833333333333333 0.275 0.03958333333333333 0.075
0 0.7122395833333334 0.2703125 0.008854166666666666 0.046875
0 0.721875 0.296875 0.0020833333333333333 0.01875
0 0.73203125 0.265625 0.008854166666666666 0.05625
0 0.7489583333333333 0.275 0.016666666666666666 0.0375
0 0.33671875 0.36875 0.0109375 0.0375
0 0.37057291666666664 0.38125 0.0296875 0.03125
0 0.4083333333333333 0.378125 0.027083333333333334 0.03125
0 0.6721354166666667 0.35625 0.0359375 0.0875
0 0.7067708333333333 0.359375 0.023958333333333335 0.05625
0 0.74375 0.359375 0.041666666666666664 0.05625
0 0.33697916666666666 0.4625 0.011458333333333333 0.0375
0 0.34921875 0.4625 0.0046875 0.1
0 0.3703125 0.46875 0.029166666666666667 0.03125
0 0.6890625 0.465625 0.052083333333333336 0.06875
0 0.7234375 0.453125 0.009375 0.05625
0 0.6627604166666666 0.571875 0.0015625 0.00625
0 0.6760416666666667 0.5484375 0.016666666666666666 0.053125
0 0.70234375 0.55625 0.028645833333333332 0.0375
0 0.7268229166666667 0.546875 0.011979166666666667 0.05625
0 0.7494791666666667 0.55 0.025 0.05
0 0.3338541666666667 0.659375 0.00625 0.05625
0 0.34661458333333334 0.6421875 0.0005208333333333333 0.034375
0 0.37447916666666664 0.65625 0.0375 0.03125
0 0.40130208333333334 0.6546875 0.0005208333333333333 0.059375
0 0.6546875 0.6609375 0.0010416666666666667 0.015625
0 0.6661458333333333 0.646875 0.015625 0.06875
0 0.7143229166666667 0.65 0.07447916666666667 0.075
0 0.7645833333333333 0.65 0.016666666666666666 0.075
0 0.33828125 0.74375 0.0140625 0.0375
0 0.65859375 0.7421875 0.008854166666666666 0.134375
0 0.7109375 0.74375 0.0875 0.075
0 0.3380208333333333 0.8390625 0.014583333333333334 0.071875
0 0.34869791666666666 0.840625 0.0046875 0.1
0 0.37447916666666664 0.84375 0.03854166666666667 0.0625
0 0.45260416666666664 0.846875 0.027083333333333334 0.03125
0 0.47161458333333334 0.84375 0.0005208333333333333 0.0625
0 0.5065104166666666 0.846875 0.04010416666666667 0.03125
0 0.5356770833333333 0.84375 0.0005208333333333333 0.0625
0 0.5578125 0.840625 0.03333333333333333 0.1
0 0.5861979166666667 0.840625 0.018229166666666668 0.1
0 0.6002604166666666 0.840625 0.0015625 0.1
0 0.6083333333333333 0.840625 0.007291666666666667 0.1
0 0.6247395833333333 0.8453125 0.021354166666666667 0.028125
0 0.6598958333333333 0.81875 0.011458333333333333 0.1
0 0.67890625 0.828125 0.0171875 0.05625
0 0.7203125 0.828125 0.057291666666666664 0.05625
