0 0.10130208333333333 0.041425818882466284 0.013020833333333334 0.05202312138728324
0 0.13515625 0.038535645472061654 0.0421875 0.06551059730250482
0 0.16223958333333333 0.025048169556840076 0.008854166666666666 0.011560693641618497
0 0.18385416666666668 0.022157996146435453 0.03125 0.017341040462427744
0 0.3182291666666667 0.036608863198458574 0.00625 0.02697495183044316
0 0.34348958333333335 0.036608863198458574 0.03697916666666667 0.02697495183044316
0 0.3690104166666667 0.03371868978805395 0.009895833333333333 0.02119460500963391
0 0.39114583333333336 0.03371868978805395 0.030208333333333334 0.02119460500963391
0 0.4122395833333333 0.03371868978805395 0.0067708333333333336 0.02119460500963391
0 0.4278645833333333 0.03371868978805395 0.0203125 0.02119460500963391
0 0.45416666666666666 0.03371868978805395 0.028125 0.02119460500963391
0 0.11666666666666667 0.06069364161849711 0.026041666666666668 0.017341040462427744
0 0.6697916666666667 0.07610789980732177 0.026041666666666668 0.028901734104046242
0 0.10130208333333333 0.12620423892100194 0.013020833333333334 0.05202312138728324
0 0.13854166666666667 0.1233140655105973 0.04895833333333333 0.06551059730250482
0 0.16953125 0.10982658959537572 0.008854166666666666 0.011560693641618497
0 0.19114583333333332 0.1069364161849711 0.03125 0.017341040462427744
0 0.3182291666666667 0.11946050096339114 0.00625 0.02697495183044316
0 0.34348958333333335 0.11946050096339114 0.03697916666666667 0.02697495183044316
0 0.36692708333333335 0.11657032755298652 0.005729166666666666 0.02119460500963391
0 0.3846354166666667 0.12042389210019268 0.025520833333333333 0.025048169556840076
0 0.41458333333333336 0.11946050096339114 0.030208333333333334 0.02697495183044316
0 0.44375 0.12138728323699421 0.023958333333333335 0.023121387283236993
0 0.46067708333333335 0.11849710982658959 0.005729166666666666 0.017341040462427744
0 0.46927083333333336 0.11657032755298652 0.007291666666666667 0.02119460500963391
0 0.4901041666666667 0.11657032755298652 0.030208333333333334 0.02119460500963391
0 0.5111979166666667 0.11657032755298652 0.0067708333333333336 0.02119460500963391
0 0.53125 0.11657032755298652 0.028125 0.02119460500963391
0 0.11666666666666667 0.14547206165703275 0.026041666666666668 0.017341040462427744
0 0.665625 0.1599229287090559 0.016666666666666666 0.019267822736030827
0 0.6848958333333334 0.16184971098265896 0.017708333333333333 0.02697495183044316
0 0.7020833333333333 0.1628131021194605 0.0125 0.01348747591522158
0 0.7125 0.1599229287090559 0.003125 0.019267822736030827
0 0.7296875 0.16184971098265896 0.027083333333333334 0.02697495183044316
0 0.7494791666666667 0.15895953757225434 0.008333333333333333 0.02119460500963391
0 0.76953125 0.16184971098265896 0.0265625 0.02697495183044316
0 0.8109375 0.16184971098265896 0.051041666666666666 0.02697495183044316
0 0.840625 0.1599229287090559 0.003125 0.019267822736030827
0 0.86171875 0.16184971098265896 0.034895833333333334 0.02697495183044316
0 0.8856770833333333 0.15895953757225434 0.008854166666666666 0.02119460500963391
0 0.10078125 0.1994219653179191 0.0005208333333333333 0.005780346820809248
0 0.13151041666666666 0.20134874759152216 0.03177083333333333 0.036608863198458574
0 0.14322916666666666 0.1936416184971098 0.011458333333333333 0.0674373795761079
0 0.3182291666666667 0.20423892100192678 0.00625 0.02697495183044316
0 0.34348958333333335 0.20423892100192678 0.03697916666666667 0.02697495183044316
0 0.36666666666666664 0.20134874759152216 0.005208333333333333 0.02119460500963391
0 0.37838541666666664 0.20520231213872833 0.013020833333333334 0.01348747591522158
0 0.390625 0.20134874759152216 0.007291666666666667 0.02119460500963391
0 0.41432291666666665 0.20134874759152216 0.034895833333333334 0.02119460500963391
0 0.43828125 0.20134874759152216 0.0078125 0.02119460500963391
0 0.453125 0.20616570327552985 0.01875 0.023121387283236993
0 0.6723958333333333 0.1955684007707129 0.029166666666666667 0.025048169556840076
0 0.7106770833333333 0.19460500963391136 0.043229166666666666 0.02697495183044316
0 0.7375 0.1936416184971098 0.005208333333333333 0.017341040462427744
0 0.7440104166666667 0.1926782273603083 0.0036458333333333334 0.019267822736030827
0 0.7669270833333334 0.19171483622350674 0.03802083333333333 0.02119460500963391
0 0.7921875 0.19171483622350674 0.008333333333333333 0.02119460500963391
0 0.8096354166666667 0.19171483622350674 0.022395833333333334 0.02119460500963391
0 0.8484375 0.19460500963391136 0.051041666666666666 0.02697495183044316
0 0.88125 0.1955684007707129 0.009375 0.02119460500963391
0 0.8908854166666667 0.19171483622350674 0.005729166666666666 0.02119460500963391
0 0.90078125 0.1955684007707129 0.009895833333333333 0.01348747591522158
0 0.1 0.21098265895953758 0.016666666666666666 0.04431599229287091
0 0.12291666666666666 0.22447013487475914 0.013541666666666667 0.017341040462427744
0 0.6703125 0.22832369942196531 0.026041666666666668 0.025048169556840076
0 0.6872395833333333 0.22736030828516376 0.0036458333333333334 0.019267822736030827
0 0.70390625 0.22639691714836224 0.025520833333333333 0.02119460500963391
0 0.7239583333333334 0.22639691714836224 0.010416666666666666 0.02119460500963391
0 0.7395833333333334 0.22639691714836224 0.016666666666666666 0.02119460500963391
0 0.7690104166666667 0.22928709055876687 0.03802083333333333 0.02697495183044316
0 0.8041666666666667 0.22928709055876687 0.028125 0.02697495183044316
0 0.83203125 0.22928709055876687 0.024479166666666666 0.02697495183044316
0 0.8565104166666667 0.22832369942196531 0.0203125 0.025048169556840076
0 0.8763020833333334 0.22639691714836224 0.0140625 0.02119460500963391
0 0.89765625 0.22832369942196531 0.024479166666666666 0.017341040462427744
0 0.14192708333333334 0.2697495183044316 0.0015625 0.0038535645472061657
0 0.66328125 0.2649325626204239 0.011979166666666667 0.017341040462427744
0 0.675 0.2591522157996146 0.007291666666666667 0.02119460500963391
0 0.7033854166666667 0.2610789980732177 0.018229166666666668 0.017341040462427744
0 0.7190104166666667 0.2630057803468208 0.0078125 0.01348747591522158
0 0.7283854166666667 0.2591522157996146 0.0067708333333333336 0.02119460500963391
0 0.75390625 0.26396917148362237 0.0265625 0.023121387283236993
0 0.77734375 0.2591522157996146 0.009895833333333333 0.02119460500963391
0 0.7997395833333333 0.2591522157996146 0.0296875 0.02119460500963391
0 0.8307291666666666 0.2591522157996146 0.028125 0.02119460500963391
0 0.8640625 0.2610789980732177 0.034375 0.017341040462427744
0 0.8859375 0.2591522157996146 0.005208333333333333 0.02119460500963391
0 0.1 0.2957610789980732 0.016666666666666666 0.04431599229287091
0 0.12734375 0.2928709055876686 0.0234375 0.05009633911368015
0 0.14270833333333333 0.279383429672447 0.0020833333333333333 0.011560693641618497
0 0.15859375 0.2764932562620424 0.0265625 0.017341040462427744
0 0.18072916666666666 0.2764932562620424 0.014583333333333334 0.017341040462427744
0 0.3182291666666667 0.28709055876685935 0.00625 0.02697495183044316
0 0.3380208333333333 0.2842003853564547 0.026041666666666668 0.02119460500963391
0 0.3731770833333333 0.28709055876685935 0.04010416666666667 0.02697495183044316
0 0.39921875 0.2842003853564547 0.0078125 0.02119460500963391
0 0.41640625 0.28901734104046245 0.022395833333333334 0.023121387283236993
0 0.43307291666666664 0.2842003853564547 0.0067708333333333336 0.02119460500963391
0 0.44192708333333336 0.2842003853564547 0.005729166666666666 0.02119460500963391
0 0.46953125 0.2842003853564547 0.0453125 0.02119460500963391
0 0.5013020833333334 0.2842003853564547 0.0140625 0.02119460500963391
0 0.5263020833333333 0.2842003853564547 0.030729166666666665 0.02119460500963391
0 0.5473958333333333 0.2842003853564547 0.007291666666666667 0.02119460500963391
0 0.6692708333333334 0.2832369942196532 0.028125 0.06936416184971098
0 0.7059895833333333 0.2832369942196532 0.0390625 0.06936416184971098
0 0.7369791666666666 0.28034682080924855 0.01875 0.04816955684007707
0 0.75546875 0.29383429672447015 0.0140625 0.02119460500963391
0 0.7677083333333333 0.2764932562620424 0.005208333333333333 0.055876685934489405
0 0.7854166666666667 0.2976878612716763 0.025 0.025048169556840076
0 0.8247395833333333 0.29672447013487474 0.049479166666666664 0.02697495183044316
0 0.8674479166666667 0.28034682080924855 0.028645833333333332 0.04816955684007707
0 0.8880208333333334 0.29383429672447015 0.007291666666666667 0.02119460500963391
0 0.9010416666666666 0.2957610789980732 0.014583333333333334 0.017341040462427744
0 0.12473958333333333 0.31021194605009633 0.009895833333333333 0.015414258188824663
0 0.3307291666666667 0.3227360308285164 0.010416666666666666 0.01348747591522158
0 0.3489583333333333 0.31888246628131023 0.021875 0.02119460500963391
0 0.6671875 0.32947976878612717 0.019791666666666666 0.02697495183044316
0 0.6830729166666667 0.3304431599229287 0.0078125 0.01348747591522158
0 0.7033854166666667 0.32947976878612717 0.028645833333333332 0.02697495183044316
0 0.7278645833333334 0.3265895953757225 0.015104166666666667 0.02119460500963391
0 0.75 0.3304431599229287 0.025 0.01348747591522158
0 0.7848958333333333 0.3265895953757225 0.040625 0.02119460500963391
0 0.8114583333333333 0.3227360308285164 0.003125 0.055876685934489405
0 0.8265625 0.32755298651252407 0.013541666666666667 0.019267822736030827
0 0.8421875 0.33140655105973027 0.013541666666666667 0.023121387283236993
0 0.8541666666666666 0.3265895953757225 0.005208333333333333 0.02119460500963391
0 0.8807291666666667 0.32947976878612717 0.04375 0.02697495183044316
0 0.9096354166666667 0.3333333333333333 0.009895833333333333 0.019267822736030827
0 0.10078125 0.36897880539499034 0.0005208333333333333 0.005780346820809248
0 0.12734375 0.36416184971098264 0.0234375 0.023121387283236993
0 0.14322916666666666 0.36127167630057805 0.0010416666666666667 0.017341040462427744
0 0.15859375 0.36127167630057805 0.0265625 0.017341040462427744
0 0.18046875 0.36127167630057805 0.0140625 0.017341040462427744
0 0.6700520833333333 0.36127167630057805 0.025520833333333333 0.017341040462427744
0 0.68671875 0.3603082851637765 0.0036458333333333334 0.019267822736030827
0 0.6973958333333333 0.35934489402697495 0.014583333333333334 0.02119460500963391
0 0.709375 0.35934489402697495 0.005208333333333333 0.02119460500963391
0 0.7247395833333333 0.3622350674373796 0.0203125 0.02697495183044316
0 0.740625 0.35934489402697495 0.007291666666666667 0.02119460500963391
0 0.7674479166666667 0.35934489402697495 0.0421875 0.02119460500963391
0 0.8020833333333334 0.3622350674373796 0.022916666666666665 0.02697495183044316
0 0.81953125 0.35934489402697495 0.0078125 0.02119460500963391
0 0.8385416666666666 0.3631984585741811 0.025 0.025048169556840076
0 0.8786458333333333 0.3622350674373796 0.051041666666666666 0.02697495183044316
0 0.11067708333333333 0.3805394990366089 0.03802083333333333 0.04431599229287091
0 0.6638020833333333 0.4007707129094412 0.013020833333333334 0.019267822736030827
0 0.6752604166666667 0.3940269749518304 0.005729166666666666 0.02119460500963391
0 0.7018229166666666 0.3969171483622351 0.043229166666666666 0.02697495183044316
0 0.7309895833333333 0.4007707129094412 0.009895833333333333 0.019267822736030827
0 0.7505208333333333 0.3959537572254335 0.025 0.017341040462427744
0 0.7671875 0.394990366088632 0.003125 0.019267822736030827
0 0.7778645833333333 0.3940269749518304 0.0140625 0.02119460500963391
0 0.7901041666666667 0.3940269749518304 0.005208333333333333 0.02119460500963391
0 0.8052083333333333 0.3969171483622351 0.020833333333333332 0.02697495183044316
0 0.82109375 0.3940269749518304 0.0067708333333333336 0.02119460500963391
0 0.83984375 0.3940269749518304 0.025520833333333333 0.02119460500963391
0 0.8598958333333333 0.3940269749518304 0.010416666666666666 0.02119460500963391
0 0.8841145833333334 0.3940269749518304 0.033854166666666664 0.02119460500963391
0 0.12083333333333333 0.4460500963391137 0.009375 0.017341040462427744
0 0.6776041666666667 0.43159922928709055 0.040625 0.023121387283236993
0 0.70390625 0.42678227360308285 0.0078125 0.02119460500963391
0 0.7229166666666667 0.430635838150289 0.025 0.025048169556840076
0 0.7622395833333333 0.4296724470134875 0.049479166666666664 0.02697495183044316
0 0.11067708333333333 0.4633911368015414 0.03802083333333333 0.04816955684007707
0 0.10078125 0.5385356454720617 0.0005208333333333333 0.005780346820809248
0 0.12942708333333333 0.5337186897880539 0.027604166666666666 0.023121387283236993
0 0.14635416666666667 0.5308285163776493 0.003125 0.017341040462427744
0 0.15520833333333334 0.5308285163776493 0.011458333333333333 0.017341040462427744
0 0.17734375 0.5308285163776493 0.0296875 0.017341040462427744
0 0.6859375 0.5173410404624278 0.058333333333333334 0.028901734104046242
0 0.11067708333333333 0.5500963391136802 0.03802083333333333 0.04431599229287091
0 0.12994791666666666 0.615606936416185 0.027604166666666666 0.017341040462427744
0 0.1515625 0.6011560693641619 0.008333333333333333 0.06165703275529865
0 0.17395833333333333 0.615606936416185 0.030208333333333334 0.017341040462427744
0 0.20026041666666666 0.615606936416185 0.019270833333333334 0.017341040462427744
0 0.665625 0.6011560693641619 0.016666666666666666 0.019267822736030827
0 0.6848958333333334 0.603082851637765 0.017708333333333333 0.02697495183044316
0 0.70859375 0.6021194605009634 0.025520833333333333 0.017341040462427744
0 0.725 0.6011560693641619 0.003125 0.019267822736030827
0 0.7388020833333333 0.6011560693641619 0.0203125 0.019267822736030827
0 0.7546875 0.6040462427745664 0.007291666666666667 0.01348747591522158
0 0.7697916666666667 0.6001926782273603 0.01875 0.02119460500963391
0 0.7841145833333333 0.6001926782273603 0.005729166666666666 0.02119460500963391
0 0.8015625 0.6040462427745664 0.025 0.025048169556840076
0 0.8421875 0.603082851637765 0.051041666666666666 0.02697495183044316
0 0.87109375 0.6011560693641619 0.0015625 0.019267822736030827
0 0.884375 0.6001926782273603 0.017708333333333333 0.02119460500963391
0 0.8989583333333333 0.6001926782273603 0.007291666666666667 0.02119460500963391
0 0.1 0.6348747591522158 0.016666666666666666 0.04431599229287091
0 0.12734375 0.6348747591522158 0.022395833333333334 0.04431599229287091
0 0.21848958333333332 0.6319845857418112 0.008854166666666666 0.05394990366088632
0 0.6669270833333333 0.6329479768786127 0.019270833333333334 0.02119460500963391
0 0.6872395833333333 0.6329479768786127 0.0171875 0.02119460500963391
0 0.7104166666666667 0.6358381502890174 0.023958333333333335 0.02697495183044316
0 0.7359375 0.6396917148362236 0.022916666666666665 0.019267822736030827
0 0.7625 0.6358381502890174 0.025 0.02697495183044316
0 0.8028645833333333 0.6358381502890174 0.0515625 0.02697495183044316
0 0.8489583333333334 0.6368015414258189 0.036458333333333336 0.025048169556840076
0 0.8809895833333333 0.6339113680154143 0.022395833333333334 0.019267822736030827
0 0.90078125 0.6348747591522158 0.013020833333333334 0.025048169556840076
0 0.6734375 0.6676300578034682 0.03229166666666667 0.017341040462427744
0 0.6950520833333333 0.6657032755298651 0.0067708333333333336 0.02119460500963391
0 0.7091145833333333 0.6695568400770713 0.0171875 0.02119460500963391
0 0.73125 0.6657032755298651 0.021875 0.02119460500963391
0 0.7606770833333333 0.6685934489402697 0.0328125 0.02697495183044316
0 0.79140625 0.6685934489402697 0.0234375 0.02697495183044316
0 0.8088541666666667 0.6657032755298651 0.007291666666666667 0.02119460500963391
0 0.83984375 0.6705202312138728 0.050520833333333334 0.023121387283236993
0 0.8716145833333333 0.6676300578034682 0.008854166666666666 0.017341040462427744
0 0.10078125 0.708092485549133 0.0005208333333333333 0.005780346820809248
0 0.13229166666666667 0.7003853564547207 0.03333333333333333 0.017341040462427744
0 0.1 0.7196531791907514 0.016666666666666666 0.04431599229287091
0 0.12291666666666666 0.733140655105973 0.013541666666666667 0.017341040462427744
0 0.21744791666666666 0.7418111753371869 0.0036458333333333334 0.007707129094412331
0 0.13776041666666666 0.7880539499036608 0.06614583333333333 0.023121387283236993
0 0.13177083333333334 0.7842003853564548 0.007291666666666667 0.05394990366088632
0 0.15494791666666666 0.7880539499036608 0.03177083333333333 0.023121387283236993
0 0.1171875 0.8304431599229287 0.025 0.05394990366088632
0 0.13854166666666667 0.8314065510597303 0.011458333333333333 0.017341040462427744
0 0.15 0.8342967244701349 0.00625 0.011560693641618497
0 0.16380208333333332 0.8314065510597303 0.0171875 0.017341040462427744
0 0.25755208333333335 0.9749518304431599 0.013020833333333334 0.019267822736030827
0 0.28619791666666666 0.9749518304431599 0.022395833333333334 0.019267822736030827
0 0.29635416666666664 0.9730250481695568 0.005208333333333333 0.05394990366088632
0 0.9059895833333333 0.9759152215799615 0.013020833333333334 0.017341040462427744
0 0.9567708333333333 0.9739884393063584 0.078125 0.028901734104046242
0 0.9888020833333333 0.9720616570327553 0.019270833333333334 0.055876685934489405
