0 0.012129380053908356 0.05368098159509203 0.013477088948787063 0.027607361963190184
0 0.20889487870619947 0.05368098159509203 0.2183288409703504 0.027607361963190184
0 0.4636118598382749 0.049079754601226995 0.1293800539083558 0.03680981595092025
0 0.5795148247978437 0.05521472392638037 0.026954177897574125 0.0736196319018405
0 0.692722371967655 0.05368098159509203 0.16711590296495957 0.027607361963190184
0 0.8221024258760108 0.05521472392638037 0.03773584905660377 0.0736196319018405
0 0.9285714285714286 0.049079754601226995 0.14285714285714285 0.03680981595092025
0 0.006738544474393531 0.3512269938650307 0.013477088948787063 0.02147239263803681
0 0.2641509433962264 0.35276073619631904 0.07008086253369272 0.03067484662576687
0 0.33962264150943394 0.33588957055214724 0.0215633423180593 0.02147239263803681
0 0.4110512129380054 0.33588957055214724 0.04043126684636118 0.03374233128834356
0 0.41778975741239893 0.40950920245398775 0.05390835579514825 0.03374233128834356
0 0.9851752021563343 0.4371165644171779 0.029649595687331536 0.009202453987730062
0 0.40970350404312667 0.4831288343558282 0.03773584905660377 0.03374233128834356
0 0.40970350404312667 0.5567484662576687 0.03773584905660377 0.03374233128834356
0 0.9851752021563343 0.5751533742331288 0.029649595687331536 0.027607361963190184
0 0.40970350404312667 0.6303680981595092 0.03773584905660377 0.03374233128834356
0 0.9838274932614556 0.6334355828220859 0.026954177897574125 0.03987730061349693
0 0.40970350404312667 0.7039877300613497 0.03773584905660377 0.03374233128834356
0 0.9905660377358491 0.7131901840490797 0.018867924528301886 0.03987730061349693
0 0.444743935309973 0.7730061349693251 0.10242587601078167 0.08588957055214724
0 0.5943396226415094 0.7730061349693251 0.15902964959568733 0.08588957055214724
0 0.46495956873315364 0.8558282208588958 0.14824797843665768 0.03680981595092025
0 0.6064690026954178 0.852760736196319 0.10242587601078167 0.08588957055214724
0 0.7008086253369272 0.852760736196319 0.0646900269541779 0.08588957055214724
0 0.7681940700808625 0.8512269938650306 0.0215633423180593 0.027607361963190184
0 0.8692722371967655 0.8558282208588958 0.15902964959568733 0.03680981595092025
0 0.39892183288409705 0.9248466257668712 0.016172506738544475 0.027607361963190184
0 0.6024258760107817 0.9233128834355828 0.1105121293800539 0.08588957055214724
0 0.7035040431266847 0.9233128834355828 0.07008086253369272 0.08588957055214724
0 0.7654986522911051 0.9248466257668712 0.0215633423180593 0.027607361963190184
0 0.866576819407008 0.9294478527607362 0.15902964959568733 0.03680981595092025
