0 0.09041394335511982 0.09671179883945841 0.06753812636165578 0.019342359767891684
0 0.15904139433551198 0.09671179883945841 0.04793028322440087 0.019342359767891684
0 0.20152505446623092 0.09477756286266925 0.0196078431372549 0.015473887814313346
0 0.2657952069716776 0.09477756286266925 0.09586056644880174 0.015473887814313346
0 0.5816993464052288 0.18568665377176016 0.05228758169934641 0.019342359767891684
0 0.6296296296296297 0.18375241779497098 0.026143790849673203 0.015473887814313346
0 0.6721132897603486 0.18568665377176016 0.04139433551198257 0.019342359767891684
0 0.5871459694989106 0.2205029013539652 0.05010893246187364 0.015473887814313346
0 0.14705882352941177 0.25918762088974856 0.09803921568627451 0.019342359767891684
0 0.22875816993464052 0.2572533849129594 0.04793028322440087 0.015473887814313346
0 0.16993464052287582 0.2862669245647969 0.1437908496732026 0.019342359767891684
0 0.14814814814814814 0.31334622823984526 0.10021786492374728 0.019342359767891684
0 0.1328976034858388 0.33849129593810445 0.06971677559912855 0.015473887814313346
0 0.238562091503268 0.3404255319148936 0.12854030501089325 0.019342359767891684
0 0.5130718954248366 0.29497098646034814 0.032679738562091505 0.029013539651837523
0 0.6067538126361656 0.29690522243713735 0.08496732026143791 0.04448742746615087
0 0.5893246187363834 0.33268858800773693 0.05010893246187364 0.015473887814313346
0 0.6633986928104575 0.3346228239845261 0.08496732026143791 0.019342359767891684
0 0.13616557734204793 0.41392649903288203 0.08932461873638345 0.019342359767891684
0 0.20261437908496732 0.4119922630560928 0.026143790849673203 0.015473887814313346
0 0.2570806100217865 0.41392649903288203 0.06535947712418301 0.019342359767891684
0 0.5217864923747276 0.41392649903288203 0.16775599128540306 0.019342359767891684
0 0.673202614379085 0.4119922630560928 0.08714596949891068 0.015473887814313346
0 0.738562091503268 0.4119922630560928 0.026143790849673203 0.015473887814313346
0 0.8366013071895425 0.41392649903288203 0.15250544662309368 0.019342359767891684
0 0.23638344226579522 0.4506769825918762 0.14596949891067537 0.019342359767891684
0 0.49019607843137253 0.4506769825918762 0.08278867102396514 0.019342359767891684
0 0.5871459694989106 0.4506769825918762 0.015250544662309368 0.007736943907156673
0 0.7723311546840959 0.4506769825918762 0.14596949891067537 0.019342359767891684
0 0.09368191721132897 0.6963249516441006 0.0784313725490196 0.019342359767891684
0 0.44989106753812635 0.5377176015473888 0.07625272331154684 0.019342359767891684
0 0.45860566448801743 0.574468085106383 0.09368191721132897 0.019342359767891684
0 0.4433551198257081 0.6112185686653772 0.06318082788671024 0.019342359767891684
0 0.46949891067538124 0.6479690522243714 0.1111111111111111 0.019342359767891684
0 0.7505446623093682 0.5357833655705996 0.0718954248366013 0.015473887814313346
0 0.855119825708061 0.5377176015473888 0.11982570806100218 0.019342359767891684
0 0.775599128540305 0.574468085106383 0.12200435729847495 0.019342359767891684
0 0.7581699346405228 0.6102514506769826 0.08714596949891068 0.02127659574468085
0 0.5108932461873639 0.7591876208897486 0.1111111111111111 0.03288201160541586
0 0.10784313725490197 0.8181818181818182 0.06318082788671024 0.015473887814313346
0 0.19716775599128541 0.8201160541586073 0.10239651416122005 0.019342359767891684
0 0.3224400871459695 0.8191489361702128 0.12636165577342048 0.02127659574468085
0 0.3801742919389978 0.8181818181818182 0.006535947712418301 0.05415860735009671
0 0.43681917211328974 0.8172147001934236 0.058823529411764705 0.017408123791102514
0 0.48366013071895425 0.8181818181818182 0.02178649237472767 0.05415860735009671
0 0.5065359477124183 0.8172147001934236 0.006535947712418301 0.017408123791102514
0 0.599128540305011 0.8220502901353965 0.12636165577342048 0.015473887814313346
0 0.15250544662309368 0.9468085106382979 0.20043572984749455 0.02127659574468085
0 0.15359477124183007 0.9468085106382979 0.032679738562091505 0.05609284332688588
0 0.21568627450980393 0.9468085106382979 0.07407407407407407 0.02127659574468085
0 0.27124183006535946 0.9458413926499033 0.002178649237472767 0.03868471953578337
0 0.29520697167755994 0.9458413926499033 0.002178649237472767 0.03868471953578337
0 0.3431372549019608 0.9458413926499033 0.058823529411764705 0.015473887814313346
0 0.39651416122004357 0.9458413926499033 0.02178649237472767 0.015473887814313346
0 0.4422657952069717 0.9468085106382979 0.05228758169934641 0.05609284332688588
