0 0.027881040892193308 0.10915492957746478 0.026022304832713755 0.04225352112676056
0 0.29275092936802977 0.12147887323943662 0.4739776951672863 0.05985915492957746
0 0.2137546468401487 0.11619718309859155 0.026022304832713755 0.11267605633802817
0 0.3243494423791822 0.12147887323943662 0.1691449814126394 0.05985915492957746
0 0.483271375464684 0.11619718309859155 0.11152416356877323 0.11267605633802817
0 0.3940520446096654 0.29577464788732394 0.026022304832713755 0.04225352112676056
0 0.5185873605947955 0.301056338028169 0.18587360594795538 0.045774647887323945
0 0.5892193308550185 0.3028169014084507 0.03717472118959108 0.11267605633802817
0 0.6895910780669146 0.3028169014084507 0.137546468401487 0.11267605633802817
0 0.8717472118959108 0.3028169014084507 0.19330855018587362 0.11267605633802817
0 0.08736059479553904 0.4859154929577465 0.026022304832713755 0.04225352112676056
0 0.1970260223048327 0.49119718309859156 0.16356877323420074 0.045774647887323945
0 0.33643122676579923 0.49119718309859156 0.10037174721189591 0.045774647887323945
0 0.5055762081784386 0.4982394366197183 0.22304832713754646 0.05985915492957746
0 0.6477695167286245 0.49119718309859156 0.046468401486988845 0.045774647887323945
0 0.7453531598513011 0.4982394366197183 0.13011152416356878 0.05985915492957746
0 0.8643122676579925 0.4982394366197183 0.08921933085501858 0.05985915492957746
0 0.022304832713754646 0.6725352112676056 0.01486988847583643 0.04225352112676056
0 0.12174721189591078 0.6725352112676056 0.13197026022304834 0.056338028169014086
0 0.24628252788104088 0.6778169014084507 0.046468401486988845 0.045774647887323945
0 0.36338289962825276 0.6778169014084507 0.11338289962825279 0.045774647887323945
0 0.5724907063197026 0.6848591549295775 0.23048327137546468 0.05985915492957746
0 0.7527881040892194 0.6848591549295775 0.06319702602230483 0.03169014084507042
0 0.8327137546468402 0.6778169014084507 0.026022304832713755 0.045774647887323945
0 0.9247211895910781 0.6848591549295775 0.09107806691449814 0.05985915492957746
0 0.1524163568773234 0.7623239436619719 0.1970260223048327 0.05985915492957746
0 0.30947955390334575 0.7570422535211268 0.05762081784386617 0.04225352112676056
0 0.37174721189591076 0.7552816901408451 0.01858736059479554 0.045774647887323945
0 0.49535315985130113 0.7623239436619719 0.17657992565055763 0.05985915492957746
0 0.629182156133829 0.7552816901408451 0.03531598513011153 0.045774647887323945
0 0.741635687732342 0.7623239436619719 0.1449814126394052 0.05985915492957746
0 0.9052044609665427 0.7623239436619719 0.13382899628252787 0.05985915492957746
0 0.15613382899628253 0.8362676056338029 0.20446096654275092 0.05985915492957746
0 0.31226765799256506 0.8362676056338029 0.07434944237918216 0.05985915492957746
0 0.379182156133829 0.8309859154929577 0.026022304832713755 0.04225352112676056
0 0.4646840148698885 0.8362676056338029 0.13011152416356878 0.05985915492957746
0 0.5539033457249071 0.829225352112676 0.026022304832713755 0.045774647887323945
0 0.6356877323420075 0.829225352112676 0.11524163568773234 0.045774647887323945
0 0.8215613382899628 0.8362676056338029 0.23048327137546468 0.05985915492957746
0 0.9609665427509294 0.8309859154929577 0.026022304832713755 0.04225352112676056
0 0.15055762081784388 0.903169014084507 0.18587360594795538 0.045774647887323945
