0 0.16859623733719248 0.12681159420289856 0.07670043415340087 0.026570048309178744
0 0.243849493487699 0.12681159420289856 0.06222865412445731 0.026570048309178744
0 0.4869753979739508 0.18840579710144928 0.053545586107091175 0.01932367149758454
0 0.5282199710564399 0.18840579710144928 0.017366136034732273 0.01932367149758454
0 0.573082489146165 0.19082125603864733 0.060781476121562955 0.014492753623188406
0 0.16931982633863965 0.2632850241545894 0.03183791606367583 0.01932367149758454
0 0.24167872648335745 0.2632850241545894 0.10130246020260492 0.01932367149758454
0 0.16931982633863965 0.32608695652173914 0.03183791606367583 0.01932367149758454
0 0.2199710564399421 0.32608695652173914 0.05788712011577424 0.01932367149758454
0 0.3017366136034732 0.32608695652173914 0.09406657018813314 0.01932367149758454
0 0.17945007235890015 0.35990338164251207 0.049204052098408106 0.024154589371980676
0 0.23950795947901593 0.357487922705314 0.059334298118668596 0.01932367149758454
0 0.17945007235890015 0.391304347826087 0.049204052098408106 0.024154589371980676
0 0.26049204052098407 0.3888888888888889 0.10130246020260492 0.01932367149758454
0 0.1649782923299566 0.4214975845410628 0.023154848046309694 0.021739130434782608
0 0.20694645441389292 0.4227053140096618 0.049204052098408106 0.024154589371980676
0 0.2670043415340087 0.42028985507246375 0.059334298118668596 0.01932367149758454
0 0.17945007235890015 0.45410628019323673 0.049204052098408106 0.024154589371980676
0 0.243849493487699 0.4504830917874396 0.06801736613603473 0.021739130434782608
0 0.19030390738060782 0.4855072463768116 0.07380607814761216 0.024154589371980676
0 0.18234442836468887 0.5157004830917874 0.05499276410998553 0.026570048309178744
0 0.18306801736613604 0.5483091787439613 0.056439942112879886 0.024154589371980676
0 0.1808972503617945 0.5772946859903382 0.05499276410998553 0.01932367149758454
0 0.19681620839363242 0.6111111111111112 0.08393632416787265 0.024154589371980676
0 0.1772793053545586 0.6400966183574879 0.04486251808972504 0.01932367149758454
0 0.2141823444283647 0.6400966183574879 0.017366136034732273 0.01932367149758454
0 0.2706222865412446 0.644927536231884 0.08393632416787265 0.01932367149758454
0 0.18885672937771347 0.6714975845410628 0.07091172214182344 0.01932367149758454
0 0.25542691751085383 0.6739130434782609 0.053545586107091175 0.024154589371980676
0 0.3111432706222865 0.6739130434782609 0.04630969609261939 0.024154589371980676
0 0.3719247467438495 0.6739130434782609 0.06657018813314038 0.024154589371980676
0 0.18885672937771347 0.7028985507246377 0.07091172214182344 0.01932367149758454
0 0.25542691751085383 0.7053140096618358 0.053545586107091175 0.024154589371980676
0 0.3111432706222865 0.7053140096618358 0.04630969609261939 0.024154589371980676
0 0.3719247467438495 0.7053140096618358 0.06657018813314038 0.024154589371980676
0 0.191027496382055 0.7342995169082126 0.07525325615050651 0.01932367149758454
0 0.2633863965267728 0.7342995169082126 0.05209840810419682 0.06763285024154589
0 0.32344428364688854 0.7342995169082126 0.04775687409551375 0.06763285024154589
0 0.39652677279305354 0.7342995169082126 0.0723589001447178 0.06763285024154589
0 0.19247467438494936 0.7657004830917874 0.07814761215629522 0.01932367149758454
0 0.2626628075253256 0.7681159420289855 0.053545586107091175 0.024154589371980676
0 0.32489146164978294 0.7657004830917874 0.059334298118668596 0.01932367149758454
0 0.3958031837916064 0.7681159420289855 0.07380607814761216 0.024154589371980676
0 0.5557163531114327 0.45410628019323673 0.12735166425470332 0.024154589371980676
0 0.5318379160636758 0.4830917874396135 0.07959479015918958 0.01932367149758454
0 0.5318379160636758 0.5144927536231884 0.07959479015918958 0.01932367149758454
0 0.5036179450072359 0.5434782608695652 0.03473227206946455 0.06763285024154589
0 0.548480463096961 0.5458937198067633 0.04341534008683068 0.01932367149758454
0 0.5332850940665702 0.5772946859903382 0.0824891461649783 0.01932367149758454
0 0.5318379160636758 0.6086956521739131 0.07959479015918958 0.01932367149758454
0 0.5289435600578871 0.6400966183574879 0.07380607814761216 0.01932367149758454
0 0.08465991316931983 0.8417874396135265 0.07670043415340087 0.10869565217391304
0 0.18668596237337193 0.8417874396135265 0.10998552821997105 0.10869565217391304
