0 0.009375 0.02576112412177986 0.008333333333333333 0.03747072599531616
0 0.025 0.02576112412177986 0.00625 0.03278688524590164
0 0.04244791666666667 0.02459016393442623 0.013020833333333334 0.03044496487119438
0 0.07578125 0.02576112412177986 0.0067708333333333336 0.03747072599531616
0 0.08802083333333334 0.03161592505854801 0.0020833333333333333 0.00702576112412178
0 0.09427083333333333 0.08782201405152225 0.030208333333333334 0.02107728337236534
0 0.13984375 0.08782201405152225 0.028645833333333332 0.02107728337236534
0 0.38046875 0.03278688524590164 0.03697916666666667 0.02810304449648712
0 0.40598958333333335 0.02927400468384075 0.008854166666666666 0.02107728337236534
0 0.42473958333333334 0.02927400468384075 0.024479166666666666 0.02107728337236534
0 0.4421875 0.02927400468384075 0.00625 0.02107728337236534
0 0.4591145833333333 0.02927400468384075 0.022395833333333334 0.02107728337236534
0 0.47552083333333334 0.02927400468384075 0.00625 0.02107728337236534
0 0.4825520833333333 0.02927400468384075 0.0036458333333333334 0.02107728337236534
0 0.4984375 0.03044496487119438 0.022916666666666665 0.01873536299765808
0 0.53046875 0.03278688524590164 0.0359375 0.02810304449648712
0 0.559375 0.03161592505854801 0.017708333333333333 0.02576112412177986
0 0.5734375 0.02927400468384075 0.00625 0.02107728337236534
0 0.5973958333333333 0.03278688524590164 0.0375 0.02810304449648712
0 0.6197916666666666 0.03161592505854801 0.0010416666666666667 0.00234192037470726
0 0.6296875 0.02927400468384075 0.014583333333333334 0.02107728337236534
0 0.05182291666666667 0.08548009367681499 0.024479166666666666 0.07728337236533958
0 0.18125 0.08782201405152225 0.021875 0.02107728337236534
0 0.20208333333333334 0.08782201405152225 0.013541666666666667 0.02107728337236534
0 0.24192708333333332 0.08782201405152225 0.033854166666666664 0.02107728337236534
0 0.29583333333333334 0.08782201405152225 0.041666666666666664 0.02107728337236534
0 0.3453125 0.08782201405152225 0.025 0.02107728337236534
0 0.38958333333333334 0.08782201405152225 0.03229166666666667 0.02107728337236534
0 0.4434895833333333 0.08782201405152225 0.044270833333333336 0.02107728337236534
0 0.496875 0.08782201405152225 0.03125 0.02107728337236534
0 0.5104166666666666 0.08548009367681499 0.00625 0.07728337236533958
0 0.0140625 0.1522248243559719 0.013541666666666667 0.05152224824355972
0 0.0453125 0.15456674473067916 0.01875 0.01405152224824356
0 0.16458333333333333 0.148711943793911 0.003125 0.04918032786885246
0 0.20598958333333334 0.15690866510538642 0.0015625 0.00468384074941452
0 0.21744791666666666 0.15456674473067916 0.0015625 0.00468384074941452
0 0.01875 0.18384074941451992 0.009375 0.06791569086651054
0 0.04739583333333333 0.20608899297423888 0.007291666666666667 0.00936768149882904
0 0.14713541666666666 0.17330210772833723 0.0515625 0.02810304449648712
0 0.17265625 0.18032786885245902 0.021354166666666667 0.07494145199063232
0 0.19348958333333333 0.16978922716627634 0.0026041666666666665 0.00702576112412178
0 0.203125 0.17096018735362997 0.004166666666666667 0.0234192037470726
0 0.21458333333333332 0.17330210772833723 0.003125 0.01873536299765808
0 0.22265625 0.18032786885245902 0.0015625 0.07494145199063232
0 0.23307291666666666 0.16744730679156908 0.013020833333333334 0.02107728337236534
0 0.24505208333333334 0.18032786885245902 0.0015625 0.07494145199063232
0 0.25286458333333334 0.1686182669789227 0.0067708333333333336 0.03278688524590164
0 0.3614583333333333 0.16744730679156908 0.021875 0.0351288056206089
0 0.38046875 0.18149882903981265 0.0036458333333333334 0.08196721311475409
0 0.4 0.18149882903981265 0.030208333333333334 0.02576112412177986
0 0.4375 0.18149882903981265 0.030208333333333334 0.02576112412177986
0 0.475 0.18149882903981265 0.030208333333333334 0.02576112412177986
0 0.5125 0.18149882903981265 0.030208333333333334 0.02576112412177986
0 0.55 0.18266978922716628 0.030208333333333334 0.03278688524590164
0 0.5875 0.18149882903981265 0.030208333333333334 0.0351288056206089
0 0.625 0.18149882903981265 0.030208333333333334 0.02576112412177986
0 0.6625 0.18149882903981265 0.030208333333333334 0.02576112412177986
0 0.70078125 0.18149882903981265 0.028645833333333332 0.02576112412177986
0 0.7375 0.18149882903981265 0.030208333333333334 0.02576112412177986
0 0.8119791666666667 0.18149882903981265 0.029166666666666667 0.02576112412177986
0 0.8502604166666666 0.18149882903981265 0.028645833333333332 0.02576112412177986
0 0.8875 0.18149882903981265 0.030208333333333334 0.02576112412177986
0 0.9106770833333333 0.20491803278688525 0.0026041666666666665 0.00702576112412178
0 0.013020833333333334 0.2306791569086651 0.015625 0.02107728337236534
0 0.03046875 0.2423887587822014 0.0067708333333333336 0.08665105386416862
0 0.08229166666666667 0.24355971896955503 0.09270833333333334 0.06557377049180328
0 0.13828125 0.24004683840749413 0.0036458333333333334 0.02107728337236534
0 0.16510416666666666 0.2423887587822014 0.034375 0.02576112412177986
0 0.19296875 0.24121779859484777 0.0015625 0.01873536299765808
0 0.23515625 0.24121779859484777 0.03177083333333333 0.03747072599531616
0 0.36171875 0.24707259953161592 0.013020833333333334 0.01639344262295082
0 0.39739583333333334 0.24004683840749413 0.028125 0.02107728337236534
0 0.4375 0.24004683840749413 0.013541666666666667 0.02107728337236534
0 0.45625 0.23770491803278687 0.00625 0.07728337236533958
0 0.4747395833333333 0.24004683840749413 0.024479166666666666 0.02107728337236534
0 0.5125 0.24004683840749413 0.026041666666666668 0.02107728337236534
0 0.5497395833333333 0.24004683840749413 0.011979166666666667 0.02107728337236534
0 0.60625 0.24004683840749413 0.058333333333333334 0.02107728337236534
0 0.6596354166666667 0.24355971896955503 0.024479166666666666 0.02810304449648712
0 0.6973958333333333 0.24355971896955503 0.027083333333333334 0.02810304449648712
0 0.7375 0.24004683840749413 0.020833333333333332 0.02107728337236534
0 0.77265625 0.24004683840749413 0.027604166666666666 0.02107728337236534
0 0.8096354166666667 0.24004683840749413 0.0265625 0.02107728337236534
0 0.8471354166666667 0.24004683840749413 0.0265625 0.02107728337236534
0 0.8783854166666667 0.24004683840749413 0.011979166666666667 0.02107728337236534
0 0.8950520833333333 0.23770491803278687 0.016145833333333335 0.07728337236533958
0 0.9106770833333333 0.24824355971896955 0.0036458333333333334 0.01405152224824356
0 0.05520833333333333 0.3126463700234192 0.0375 0.07728337236533958
0 0.11484375 0.3149882903981265 0.0036458333333333334 0.01639344262295082
0 0.18541666666666667 0.31381733021077285 0.014583333333333334 0.01873536299765808
0 0.2565104166666667 0.3149882903981265 0.0036458333333333334 0.01639344262295082
0 0.31484375 0.3161592505854801 0.0296875 0.0234192037470726
0 0.3736979166666667 0.3149882903981265 0.0036458333333333334 0.01639344262295082
0 0.653125 0.32435597189695553 0.030208333333333334 0.03981264637002342
0 0.9143229166666667 0.3149882903981265 0.0036458333333333334 0.01639344262295082
0 0.03359375 0.4028103044496487 0.050520833333333334 0.0468384074941452
0 0.12708333333333333 0.38875878220140514 0.013541666666666667 0.0234192037470726
0 0.35911458333333335 0.382903981264637 0.05572916666666667 0.04918032786885246
0 0.39869791666666665 0.3793911007025761 0.0140625 0.04215456674473068
0 0.4515625 0.3864168618266979 0.08333333333333333 0.05620608899297424
0 0.50390625 0.3793911007025761 0.011979166666666667 0.04215456674473068
0 0.51875 0.3793911007025761 0.009375 0.04215456674473068
0 0.5497395833333333 0.3793911007025761 0.0453125 0.04215456674473068
0 0.5908854166666667 0.382903981264637 0.028645833333333332 0.04918032786885246
0 0.6143229166666667 0.3793911007025761 0.008854166666666666 0.04215456674473068
0 0.6455729166666667 0.38173302107728335 0.0453125 0.03747072599531616
0 0.6841145833333333 0.3793911007025761 0.0234375 0.04215456674473068
0 0.7166666666666667 0.3864168618266979 0.03229166666666667 0.05620608899297424
0 0.010677083333333334 0.4882903981264637 0.0026041666666666665 0.02107728337236534
0 0.35703125 0.4496487119437939 0.0515625 0.04215456674473068
0 0.3919270833333333 0.4496487119437939 0.008854166666666666 0.04215456674473068
0 0.4283854166666667 0.4531615925058548 0.05572916666666667 0.04918032786885246
0 0.46796875 0.4496487119437939 0.0140625 0.04215456674473068
0 0.50703125 0.4566744730679157 0.05572916666666667 0.02810304449648712
0 0.5653645833333333 0.4496487119437939 0.05260416666666667 0.04215456674473068
0 0.6174479166666667 0.45901639344262296 0.043229166666666666 0.05152224824355972
0 0.6528645833333333 0.4496487119437939 0.019270833333333334 0.04215456674473068
0 0.6885416666666667 0.4496487119437939 0.04375 0.04215456674473068
0 0.72109375 0.4566744730679157 0.013020833333333334 0.02810304449648712
0 0.019791666666666666 0.4953161592505855 0.013541666666666667 0.02107728337236534
0 0.12213541666666666 0.4882903981264637 0.011979166666666667 0.01639344262295082
0 0.36354166666666665 0.5035128805620609 0.0020833333333333333 0.00936768149882904
0 0.44609375 0.5035128805620609 0.0026041666666666665 0.00936768149882904
0 0.4786458333333333 0.5070257611241218 0.0020833333333333333 0.0117096018735363
0 0.5234375 0.5011709601873536 0.0010416666666666667 0.00468384074941452
0 0.3541666666666667 0.5269320843091335 0.04583333333333333 0.05620608899297424
0 0.3932291666666667 0.5339578454332553 0.025 0.04215456674473068
0 0.4140625 0.5199063231850117 0.009375 0.04215456674473068
0 0.44427083333333334 0.5304449648711944 0.042708333333333334 0.04918032786885246
0 0.5135416666666667 0.5269320843091335 0.0875 0.05620608899297424
0 0.5708333333333333 0.5234192037470726 0.017708333333333333 0.0351288056206089
0 0.02109375 0.5608899297423887 0.021354166666666667 0.07728337236533958
0 0.04505208333333333 0.563231850117096 0.0109375 0.02107728337236534
0 0.12161458333333333 0.5597189695550351 0.011979166666666667 0.00936768149882904
0 0.017708333333333333 0.6241217798594848 0.01875 0.02107728337236534
0 0.051041666666666666 0.6241217798594848 0.017708333333333333 0.02107728337236534
0 0.09036458333333333 0.6206088992974239 0.0328125 0.02810304449648712
0 0.02265625 0.7084309133489461 0.022395833333333334 0.02107728337236534
0 0.04010416666666667 0.7084309133489461 0.009375 0.02107728337236534
0 0.0578125 0.7084309133489461 0.021875 0.02107728337236534
0 0.09244791666666667 0.711943793911007 0.043229166666666666 0.02810304449648712
0 0.0171875 0.7494145199063232 0.011458333333333333 0.01405152224824356
0 0.027604166666666666 0.7459016393442623 0.004166666666666667 0.02107728337236534
0 0.04114583333333333 0.7494145199063232 0.01875 0.02810304449648712
0 0.07109375 0.7494145199063232 0.0359375 0.02810304449648712
0 0.09765625 0.7494145199063232 0.009895833333333333 0.01405152224824356
0 0.10677083333333333 0.7459016393442623 0.0010416666666666667 0.02107728337236534
0 0.027604166666666666 0.7857142857142857 0.03229166666666667 0.02576112412177986
0 0.049479166666666664 0.7833723653395784 0.00625 0.02107728337236534
0 0.0140625 0.8512880562060889 0.005208333333333333 0.02107728337236534
0 0.027083333333333334 0.8524590163934426 0.015625 0.01873536299765808
0 0.03828125 0.8548009367681498 0.0026041666666666665 0.00936768149882904
0 0.05286458333333333 0.8512880562060889 0.022395833333333334 0.02107728337236534
0 0.08828125 0.8548009367681498 0.043229166666666666 0.02810304449648712
0 0.11510416666666666 0.8548009367681498 0.00625 0.01405152224824356
0 0.020572916666666666 0.892271662763466 0.019270833333333334 0.02810304449648712
0 0.05078125 0.892271662763466 0.0359375 0.02810304449648712
0 0.07213541666666666 0.892271662763466 0.0026041666666666665 0.00936768149882904
0 0.08645833333333333 0.892271662763466 0.020833333333333332 0.02810304449648712
0 0.10520833333333333 0.8887587822014051 0.0125 0.02107728337236534
0 0.01953125 0.927400468384075 0.0171875 0.01873536299765808
0 0.033854166666666664 0.927400468384075 0.00625 0.01873536299765808
0 0.04869791666666667 0.9285714285714286 0.018229166666666668 0.02576112412177986
0 0.06328125 0.9262295081967213 0.0067708333333333336 0.02107728337236534
0 0.01328125 0.9929742388758782 0.0036458333333333334 0.01405152224824356
0 0.0640625 0.9918032786885246 0.065625 0.01639344262295082
0 0.3450520833333333 0.8793911007025761 0.027604166666666666 0.03981264637002342
0 0.378125 0.8852459016393442 0.030208333333333334 0.05620608899297424
0 0.4080729166666667 0.8782201405152225 0.021354166666666667 0.04215456674473068
0 0.42526041666666664 0.8782201405152225 0.0046875 0.04215456674473068
0 0.45546875 0.8852459016393442 0.04635416666666667 0.05620608899297424
0 0.48932291666666666 0.8782201405152225 0.0140625 0.04215456674473068
0 0.5234375 0.8852459016393442 0.04583333333333333 0.05620608899297424
0 0.59453125 0.8852459016393442 0.08697916666666666 0.05620608899297424
0 0.6453125 0.8782201405152225 0.005208333333333333 0.04215456674473068
0 0.68203125 0.8852459016393442 0.059895833333333336 0.05620608899297424
0 0.7229166666666667 0.8782201405152225 0.014583333333333334 0.04215456674473068
0 0.35625 0.955503512880562 0.05 0.05620608899297424
0 0.42239583333333336 0.955503512880562 0.07395833333333333 0.05620608899297424
0 0.46875 0.9519906323185011 0.009375 0.0351288056206089
0 0.4796875 0.9484777517564403 0.005208333333333333 0.04215456674473068
0 0.5190104166666667 0.9484777517564403 0.06510416666666667 0.04215456674473068
0 0.5625 0.9484777517564403 0.014583333333333334 0.04215456674473068
0 0.5924479166666666 0.9484777517564403 0.03802083333333333 0.04215456674473068
0 0.659375 0.955503512880562 0.0875 0.05620608899297424
0 0.7122395833333334 0.9519906323185011 0.008854166666666666 0.0351288056206089
0 0.7221354166666667 0.9695550351288056 0.0015625 0.00936768149882904
0 0.73203125 0.9484777517564403 0.008854166666666666 0.04215456674473068
0 0.74921875 0.955503512880562 0.016145833333333335 0.02810304449648712
0 0.9690104166666667 0.08548009367681499 0.028645833333333332 0.02107728337236534
0 0.9427083333333334 0.148711943793911 0.040625 0.03044496487119438
0 0.96953125 0.15105386416861827 0.0026041666666666665 0.00702576112412178
0 0.9263020833333333 0.20491803278688525 0.0078125 0.03044496487119438
0 0.9471354166666667 0.20843091334894615 0.028645833333333332 0.02810304449648712
0 0.9268229166666667 0.25644028103044497 0.0046875 0.0351288056206089
0 0.9515625 0.25878220140515223 0.0375 0.02107728337236534
0 0.9473958333333333 0.31381733021077285 0.03333333333333333 0.01873536299765808
