0 0.02421875 0.07857142857142857 0.03802083333333333 0.11428571428571428
0 0.059895833333333336 0.075 0.00625 0.09285714285714286
0 0.08072916666666667 0.07857142857142857 0.016666666666666666 0.11428571428571428
0 0.48880208333333336 0.08928571428571429 0.030729166666666665 0.17857142857142858
0 0.5080729166666667 0.09642857142857143 0.0015625 0.007142857142857143
0 0.51953125 0.08928571428571429 0.011979166666666667 0.17857142857142858
0 0.9466145833333334 0.07857142857142857 0.0067708333333333336 0.07142857142857142
0 0.96171875 0.09285714285714286 0.0046875 0.014285714285714285
0 0.9921875 0.07857142857142857 0.005208333333333333 0.07142857142857142
0 0.05182291666666667 0.26785714285714285 0.024479166666666666 0.06428571428571428
0 0.071875 0.225 0.00625 0.32142857142857145
0 0.09427083333333333 0.26785714285714285 0.030208333333333334 0.06428571428571428
0 0.13984375 0.26785714285714285 0.028645833333333332 0.06428571428571428
0 0.18984375 0.26785714285714285 0.0390625 0.06428571428571428
0 0.2421875 0.2571428571428571 0.034375 0.08571428571428572
0 0.29583333333333334 0.26785714285714285 0.041666666666666664 0.06428571428571428
0 0.3453125 0.26785714285714285 0.025 0.06428571428571428
0 0.38958333333333334 0.26785714285714285 0.03229166666666667 0.06428571428571428
0 0.4434895833333333 0.2571428571428571 0.044270833333333336 0.08571428571428572
0 0.496875 0.26785714285714285 0.03125 0.06428571428571428
0 0.97734375 0.2642857142857143 0.0453125 0.17142857142857143
0 0.99375 0.22142857142857142 0.010416666666666666 0.32857142857142857
0 0.04088541666666667 0.45714285714285713 0.0296875 0.11428571428571428
0 0.14401041666666667 0.4392857142857143 0.0453125 0.25
0 0.21171875 0.475 0.0140625 0.02142857142857143
0 0.3453125 0.48214285714285715 0.016666666666666666 0.05
0 0.8125 0.48928571428571427 0.030208333333333334 0.007142857142857143
0 0.925 0.4392857142857143 0.009375 0.25
0 0.9479166666666666 0.4607142857142857 0.030208333333333334 0.06428571428571428
0 0.96953125 0.4607142857142857 0.0026041666666666665 0.02142857142857143
0 0.03958333333333333 0.625 0.028125 0.10714285714285714
0 0.14713541666666666 0.525 0.0515625 0.15
0 0.17161458333333332 0.525 0.019270833333333334 0.2357142857142857
0 0.19869791666666667 0.5107142857142857 0.013020833333333334 0.15
0 0.23307291666666666 0.5107142857142857 0.013020833333333334 0.06428571428571428
0 0.25286458333333334 0.5142857142857142 0.0067708333333333336 0.1
0 0.3375 0.5214285714285715 0.008333333333333333 0.05714285714285714
0 0.35390625 0.5107142857142857 0.0067708333333333336 0.10714285714285714
0 0.3697916666666667 0.5142857142857142 0.005208333333333333 0.08571428571428572
0 0.37916666666666665 0.5357142857142857 0.004166666666666667 0.22857142857142856
0 0.4 0.5571428571428572 0.030208333333333334 0.07142857142857142
0 0.4375 0.5571428571428572 0.030208333333333334 0.07142857142857142
0 0.475 0.5571428571428572 0.030208333333333334 0.1
0 0.5125 0.55 0.030208333333333334 0.08571428571428572
0 0.55 0.5357142857142857 0.030208333333333334 0.14285714285714285
0 0.5875 0.5571428571428572 0.030208333333333334 0.07142857142857142
0 0.625 0.5571428571428572 0.030208333333333334 0.07142857142857142
0 0.6625 0.5571428571428572 0.030208333333333334 0.07142857142857142
0 0.7 0.5571428571428572 0.030208333333333334 0.07142857142857142
0 0.7375 0.5571428571428572 0.030208333333333334 0.07142857142857142
0 0.775 0.5571428571428572 0.030208333333333334 0.07142857142857142
0 0.8125 0.5571428571428572 0.030208333333333334 0.07142857142857142
0 0.85 0.5607142857142857 0.030208333333333334 0.06428571428571428
0 0.8875 0.5607142857142857 0.030208333333333334 0.06428571428571428
0 0.9252604166666667 0.6 0.005729166666666666 0.04285714285714286
0 0.9471354166666667 0.6357142857142857 0.028645833333333332 0.08571428571428572
0 0.013020833333333334 0.7285714285714285 0.015625 0.17142857142857143
0 0.15859375 0.7392857142857143 0.0026041666666666665 0.02142857142857143
0 0.19296875 0.7071428571428572 0.0015625 0.02857142857142857
0 0.21432291666666667 0.7392857142857143 0.0026041666666666665 0.02142857142857143
0 0.23255208333333333 0.7428571428571429 0.0026041666666666665 0.02857142857142857
0 0.25026041666666665 0.7392857142857143 0.0026041666666666665 0.02142857142857143
0 0.3497395833333333 0.7392857142857143 0.0026041666666666665 0.02142857142857143
0 0.36744791666666665 0.7392857142857143 0.0026041666666666665 0.02142857142857143
0 0.40260416666666665 0.7392857142857143 0.015625 0.15
0 0.43385416666666665 0.7392857142857143 0.007291666666666667 0.15
0 0.4434895833333333 0.7392857142857143 0.0078125 0.15
0 0.4744791666666667 0.7392857142857143 0.008333333333333333 0.15
0 0.5119791666666667 0.7392857142857143 0.008333333333333333 0.15
0 0.5520833333333334 0.7392857142857143 0.008333333333333333 0.15
0 0.5890625 0.7428571428571429 0.022916666666666665 0.04285714285714286
0 0.6236979166666666 0.7428571428571429 0.021354166666666667 0.04285714285714286
0 0.6609375 0.7428571428571429 0.020833333333333332 0.04285714285714286
0 0.6989583333333333 0.7428571428571429 0.023958333333333335 0.04285714285714286
0 0.7109375 0.7392857142857143 0.005208333333333333 0.15
0 0.7388020833333333 0.7428571428571429 0.0109375 0.14285714285714285
0 0.7770833333333333 0.7428571428571429 0.016666666666666666 0.04285714285714286
0 0.8088541666666667 0.7428571428571429 0.016666666666666666 0.04285714285714286
0 0.8234375 0.7428571428571429 0.007291666666666667 0.04285714285714286
0 0.8515625 0.7321428571428571 0.026041666666666668 0.06428571428571428
0 0.8890625 0.7321428571428571 0.026041666666666668 0.06428571428571428
0 0.9265625 0.65 0.008333333333333333 0.04285714285714286
0 0.012760416666666666 0.8178571428571428 0.0026041666666666665 0.02142857142857143
0 0.0296875 0.7571428571428571 0.007291666666666667 0.22857142857142856
0 0.05364583333333333 0.8 0.035416666666666666 0.08571428571428572
0 0.09375 0.7892857142857143 0.03854166666666667 0.06428571428571428
0 0.1265625 0.7321428571428571 0.004166666666666667 0.06428571428571428
0 0.13828125 0.7321428571428571 0.0036458333333333334 0.06428571428571428
0 0.15 0.7392857142857143 0.004166666666666667 0.07857142857142857
0 0.17291666666666666 0.7428571428571429 0.01875 0.07142857142857142
0 0.18958333333333333 0.7392857142857143 0.004166666666666667 0.05
0 0.20677083333333332 0.7321428571428571 0.00625 0.09285714285714286
0 0.23255208333333333 0.7392857142857143 0.0265625 0.12142857142857143
0 0.3494791666666667 0.7357142857142858 0.025 0.11428571428571428
0 0.3997395833333333 0.75 0.024479166666666666 0.1
0 0.45234375 0.7321428571428571 0.0609375 0.06428571428571428
0 0.5075520833333333 0.7321428571428571 0.0067708333333333336 0.06428571428571428
0 0.5192708333333333 0.7321428571428571 0.003125 0.06428571428571428
0 0.5484375 0.7428571428571429 0.009375 0.18571428571428572
0 0.5848958333333333 0.7321428571428571 0.020833333333333332 0.06428571428571428
0 0.6174479166666667 0.7428571428571429 0.015104166666666667 0.08571428571428572
0 0.6598958333333333 0.7321428571428571 0.028125 0.06428571428571428
0 0.6958333333333333 0.7428571428571429 0.00625 0.08571428571428572
0 0.7315104166666667 0.7357142857142858 0.005729166666666666 0.18571428571428572
0 0.7708333333333334 0.7357142857142858 0.0125 0.18571428571428572
0 0.8026041666666667 0.7357142857142858 0.0125 0.18571428571428572
0 0.8390625 0.7357142857142858 0.010416666666666666 0.18571428571428572
0 0.8765625 0.7357142857142858 0.010416666666666666 0.18571428571428572
0 0.92578125 0.7535714285714286 0.0067708333333333336 0.22142857142857142
0 0.9515625 0.7892857142857143 0.0375 0.06428571428571428
0 0.044270833333333336 0.9571428571428572 0.015625 0.05714285714285714
0 0.06484375 0.9714285714285714 0.018229166666666668 0.05714285714285714
0 0.11484375 0.9607142857142857 0.0036458333333333334 0.05
0 0.18463541666666666 0.9285714285714286 0.0171875 0.14285714285714285
0 0.25546875 0.925 0.005729166666666666 0.15
0 0.31484375 0.9642857142857143 0.0296875 0.07142857142857142
0 0.3736979166666667 0.9607142857142857 0.0036458333333333334 0.05
0 0.6427083333333333 0.9285714285714286 0.013541666666666667 0.14285714285714285
0 0.9143229166666667 0.9607142857142857 0.0036458333333333334 0.05
0 0.9473958333333333 0.9571428571428572 0.03333333333333333 0.05714285714285714
0 0.9924479166666667 0.9571428571428572 0.0046875 0.04285714285714286
