0 0.12864583333333332 0.02403846153846154 0.030208333333333334 0.01730769230769231
0 0.15625 0.02403846153846154 0.019791666666666666 0.01730769230769231
0 0.20130208333333333 0.026923076923076925 0.0036458333333333334 0.007692307692307693
0 0.3182291666666667 0.032692307692307694 0.00625 0.026923076923076925
0 0.34348958333333335 0.032692307692307694 0.03697916666666667 0.026923076923076925
0 0.3690104166666667 0.02980769230769231 0.009895833333333333 0.021153846153846155
0 0.39114583333333336 0.02980769230769231 0.030208333333333334 0.021153846153846155
0 0.4122395833333333 0.02980769230769231 0.0067708333333333336 0.021153846153846155
0 0.4278645833333333 0.02980769230769231 0.0203125 0.021153846153846155
0 0.45416666666666666 0.02980769230769231 0.028125 0.021153846153846155
0 0.6697916666666667 0.07211538461538461 0.026041666666666668 0.028846153846153848
0 0.12109375 0.09326923076923077 0.015104166666666667 0.01730769230769231
0 0.13411458333333334 0.09326923076923077 0.0067708333333333336 0.01730769230769231
0 0.14713541666666666 0.09519230769230769 0.015104166666666667 0.021153846153846155
0 0.165625 0.09519230769230769 0.017708333333333333 0.021153846153846155
0 0.18333333333333332 0.09519230769230769 0.0125 0.021153846153846155
0 0.11979166666666667 0.13173076923076923 0.013541666666666667 0.01730769230769231
0 0.13307291666666668 0.1346153846153846 0.0078125 0.011538461538461539
0 0.14036458333333332 0.1346153846153846 0.0026041666666666665 0.011538461538461539
0 0.15 0.13173076923076923 0.013541666666666667 0.01730769230769231
0 0.16328125 0.1346153846153846 0.0078125 0.011538461538461539
0 0.3182291666666667 0.11538461538461539 0.00625 0.026923076923076925
0 0.34348958333333335 0.11538461538461539 0.03697916666666667 0.026923076923076925
0 0.36692708333333335 0.1125 0.005729166666666666 0.021153846153846155
0 0.3846354166666667 0.11634615384615385 0.025520833333333333 0.025
0 0.41458333333333336 0.11538461538461539 0.030208333333333334 0.026923076923076925
0 0.44375 0.11730769230769231 0.023958333333333335 0.023076923076923078
0 0.46067708333333335 0.11442307692307692 0.005729166666666666 0.01730769230769231
0 0.46927083333333336 0.1125 0.007291666666666667 0.021153846153846155
0 0.4901041666666667 0.1125 0.030208333333333334 0.021153846153846155
0 0.5111979166666667 0.1125 0.0067708333333333336 0.021153846153846155
0 0.53125 0.1125 0.028125 0.021153846153846155
0 0.665625 0.15576923076923077 0.016666666666666666 0.019230769230769232
0 0.6848958333333334 0.1576923076923077 0.017708333333333333 0.026923076923076925
0 0.7020833333333333 0.15865384615384615 0.0125 0.013461538461538462
0 0.7125 0.15576923076923077 0.003125 0.019230769230769232
0 0.7296875 0.1576923076923077 0.027083333333333334 0.026923076923076925
0 0.7494791666666667 0.1548076923076923 0.008333333333333333 0.021153846153846155
0 0.76953125 0.1576923076923077 0.0265625 0.026923076923076925
0 0.8109375 0.1576923076923077 0.051041666666666666 0.026923076923076925
0 0.840625 0.15576923076923077 0.003125 0.019230769230769232
0 0.86171875 0.1576923076923077 0.034895833333333334 0.026923076923076925
0 0.8856770833333333 0.1548076923076923 0.008854166666666666 0.021153846153846155
0 0.09713541666666667 0.1971153846153846 0.0046875 0.01730769230769231
0 0.1234375 0.19615384615384615 0.019791666666666666 0.023076923076923078
0 0.15520833333333334 0.19615384615384615 0.03958333333333333 0.023076923076923078
0 0.20130208333333333 0.19615384615384615 0.0036458333333333334 0.007692307692307693
0 0.3182291666666667 0.2 0.00625 0.026923076923076925
0 0.34348958333333335 0.2 0.03697916666666667 0.026923076923076925
0 0.36666666666666664 0.1971153846153846 0.005208333333333333 0.021153846153846155
0 0.37838541666666664 0.20096153846153847 0.013020833333333334 0.013461538461538462
0 0.390625 0.1971153846153846 0.007291666666666667 0.021153846153846155
0 0.41432291666666665 0.1971153846153846 0.034895833333333334 0.021153846153846155
0 0.43828125 0.1971153846153846 0.0078125 0.021153846153846155
0 0.453125 0.20192307692307693 0.01875 0.023076923076923078
0 0.6723958333333333 0.19134615384615383 0.029166666666666667 0.025
0 0.7106770833333333 0.19038461538461537 0.043229166666666666 0.026923076923076925
0 0.7375 0.18942307692307692 0.005208333333333333 0.01730769230769231
0 0.7434895833333334 0.18846153846153846 0.0015625 0.019230769230769232
0 0.7669270833333334 0.1875 0.03802083333333333 0.021153846153846155
0 0.7921875 0.1875 0.008333333333333333 0.021153846153846155
0 0.8096354166666667 0.1875 0.022395833333333334 0.021153846153846155
0 0.8484375 0.19038461538461537 0.051041666666666666 0.026923076923076925
0 0.8794270833333333 0.18942307692307692 0.005729166666666666 0.01730769230769231
0 0.88515625 0.19903846153846153 0.0015625 0.0057692307692307696
0 0.8908854166666667 0.1875 0.005729166666666666 0.021153846153846155
0 0.90078125 0.19134615384615383 0.009895833333333333 0.013461538461538462
0 0.6703125 0.22403846153846155 0.026041666666666668 0.025
0 0.6872395833333333 0.2230769230769231 0.0015625 0.019230769230769232
0 0.70390625 0.2221153846153846 0.025520833333333333 0.021153846153846155
0 0.7239583333333334 0.2221153846153846 0.010416666666666666 0.021153846153846155
0 0.7395833333333334 0.2221153846153846 0.016666666666666666 0.021153846153846155
0 0.7690104166666667 0.225 0.03802083333333333 0.026923076923076925
0 0.8041666666666667 0.225 0.028125 0.026923076923076925
0 0.83203125 0.225 0.024479166666666666 0.026923076923076925
0 0.8565104166666667 0.22403846153846155 0.0203125 0.025
0 0.8763020833333334 0.2221153846153846 0.0140625 0.021153846153846155
0 0.89765625 0.22403846153846155 0.024479166666666666 0.01730769230769231
0 0.66328125 0.2605769230769231 0.011979166666666667 0.01730769230769231
0 0.675 0.2548076923076923 0.007291666666666667 0.021153846153846155
0 0.6966145833333334 0.25961538461538464 0.03177083333333333 0.023076923076923078
0 0.7190104166666667 0.2586538461538462 0.0078125 0.013461538461538462
0 0.7283854166666667 0.2548076923076923 0.0067708333333333336 0.021153846153846155
0 0.7518229166666667 0.25769230769230766 0.0359375 0.026923076923076925
0 0.77734375 0.2548076923076923 0.009895833333333333 0.021153846153846155
0 0.7997395833333333 0.2548076923076923 0.0296875 0.021153846153846155
0 0.8307291666666666 0.2548076923076923 0.028125 0.021153846153846155
0 0.8640625 0.25961538461538464 0.034375 0.023076923076923078
0 0.8859375 0.2548076923076923 0.005208333333333333 0.021153846153846155
0 0.11432291666666666 0.2778846153846154 0.0026041666666666665 0.01730769230769231
0 0.12473958333333333 0.28365384615384615 0.013020833333333334 0.01730769230769231
0 0.13697916666666668 0.28173076923076923 0.007291666666666667 0.05961538461538462
0 0.1515625 0.2778846153846154 0.016666666666666666 0.01730769230769231
0 0.20130208333333333 0.28076923076923077 0.0036458333333333334 0.007692307692307693
0 0.3182291666666667 0.2826923076923077 0.00625 0.026923076923076925
0 0.3380208333333333 0.2798076923076923 0.026041666666666668 0.021153846153846155
0 0.3731770833333333 0.2826923076923077 0.04010416666666667 0.026923076923076925
0 0.39921875 0.2798076923076923 0.0078125 0.021153846153846155
0 0.41640625 0.2846153846153846 0.022395833333333334 0.023076923076923078
0 0.43307291666666664 0.2798076923076923 0.0067708333333333336 0.021153846153846155
0 0.44192708333333336 0.2798076923076923 0.005729166666666666 0.021153846153846155
0 0.46953125 0.2798076923076923 0.0453125 0.021153846153846155
0 0.5013020833333334 0.2798076923076923 0.0140625 0.021153846153846155
0 0.5263020833333333 0.2798076923076923 0.030729166666666665 0.021153846153846155
0 0.5473958333333333 0.2798076923076923 0.007291666666666667 0.021153846153846155
0 0.6703125 0.28942307692307695 0.026041666666666668 0.021153846153846155
0 0.7052083333333333 0.2923076923076923 0.040625 0.026923076923076925
0 0.7369791666666666 0.28942307692307695 0.01875 0.021153846153846155
0 0.75546875 0.28942307692307695 0.0140625 0.021153846153846155
0 0.7677083333333333 0.28942307692307695 0.005208333333333333 0.021153846153846155
0 0.7854166666666667 0.2932692307692308 0.025 0.025
0 0.8247395833333333 0.2923076923076923 0.049479166666666664 0.026923076923076925
0 0.8580729166666666 0.2903846153846154 0.009895833333333333 0.019230769230769232
0 0.8734375 0.2932692307692308 0.016666666666666666 0.013461538461538462
0 0.8880208333333334 0.28942307692307695 0.007291666666666667 0.021153846153846155
0 0.9010416666666666 0.29134615384615387 0.014583333333333334 0.01730769230769231
0 0.3307291666666667 0.31826923076923075 0.010416666666666666 0.013461538461538462
0 0.3489583333333333 0.3144230769230769 0.021875 0.021153846153846155
0 0.6671875 0.325 0.019791666666666666 0.026923076923076925
0 0.6830729166666667 0.32596153846153847 0.0078125 0.013461538461538462
0 0.7033854166666667 0.325 0.028645833333333332 0.026923076923076925
0 0.7278645833333334 0.32211538461538464 0.015104166666666667 0.021153846153846155
0 0.75 0.32596153846153847 0.025 0.013461538461538462
0 0.7869791666666667 0.32211538461538464 0.04479166666666667 0.021153846153846155
0 0.8122395833333333 0.32596153846153847 0.0015625 0.013461538461538462
0 0.8244791666666667 0.32211538461538464 0.017708333333333333 0.021153846153846155
0 0.8421875 0.3269230769230769 0.013541666666666667 0.023076923076923078
0 0.8541666666666666 0.32211538461538464 0.005208333333333333 0.021153846153846155
0 0.8807291666666667 0.325 0.04375 0.026923076923076925
0 0.9096354166666667 0.32884615384615384 0.009895833333333333 0.019230769230769232
0 0.6700520833333333 0.35673076923076924 0.025520833333333333 0.01730769230769231
0 0.68671875 0.3557692307692308 0.0036458333333333334 0.019230769230769232
0 0.6973958333333333 0.3548076923076923 0.014583333333333334 0.021153846153846155
0 0.709375 0.3548076923076923 0.005208333333333333 0.021153846153846155
0 0.7247395833333333 0.3576923076923077 0.0203125 0.026923076923076925
0 0.740625 0.3548076923076923 0.007291666666666667 0.021153846153846155
0 0.7674479166666667 0.3548076923076923 0.0421875 0.021153846153846155
0 0.8020833333333334 0.3576923076923077 0.022916666666666665 0.026923076923076925
0 0.81953125 0.3548076923076923 0.0078125 0.021153846153846155
0 0.8385416666666666 0.35865384615384616 0.025 0.025
0 0.8786458333333333 0.3576923076923077 0.051041666666666666 0.026923076923076925
0 0.6638020833333333 0.39615384615384613 0.013020833333333334 0.019230769230769232
0 0.6752604166666667 0.3894230769230769 0.005729166666666666 0.021153846153846155
0 0.7018229166666666 0.3923076923076923 0.043229166666666666 0.026923076923076925
0 0.7309895833333333 0.39615384615384613 0.009895833333333333 0.019230769230769232
0 0.7505208333333333 0.39134615384615384 0.025 0.01730769230769231
0 0.7671875 0.3903846153846154 0.003125 0.019230769230769232
0 0.7778645833333333 0.3894230769230769 0.0140625 0.021153846153846155
0 0.7901041666666667 0.3894230769230769 0.005208333333333333 0.021153846153846155
0 0.8052083333333333 0.3923076923076923 0.020833333333333332 0.026923076923076925
0 0.82109375 0.3894230769230769 0.0067708333333333336 0.021153846153846155
0 0.83984375 0.3894230769230769 0.025520833333333333 0.021153846153846155
0 0.8598958333333333 0.3894230769230769 0.010416666666666666 0.021153846153846155
0 0.8841145833333334 0.3894230769230769 0.033854166666666664 0.021153846153846155
0 0.6776041666666667 0.4269230769230769 0.040625 0.023076923076923078
0 0.70390625 0.4221153846153846 0.0078125 0.021153846153846155
0 0.7229166666666667 0.42596153846153845 0.025 0.025
0 0.7622395833333333 0.425 0.049479166666666664 0.026923076923076925
0 0.17447916666666666 0.34326923076923077 0.011458333333333333 0.01730769230769231
0 0.1859375 0.34615384615384615 0.005208333333333333 0.011538461538461539
0 0.19817708333333334 0.3490384615384615 0.013020833333333334 0.01730769230769231
0 0.6859375 0.5115384615384615 0.058333333333333334 0.03076923076923077
0 0.665625 0.5961538461538461 0.016666666666666666 0.019230769230769232
0 0.6848958333333334 0.5980769230769231 0.017708333333333333 0.026923076923076925
0 0.70859375 0.5971153846153846 0.025520833333333333 0.01730769230769231
0 0.725 0.5961538461538461 0.003125 0.019230769230769232
0 0.7388020833333333 0.5961538461538461 0.0203125 0.019230769230769232
0 0.7546875 0.5990384615384615 0.007291666666666667 0.013461538461538462
0 0.7697916666666667 0.5951923076923077 0.01875 0.021153846153846155
0 0.7841145833333333 0.5951923076923077 0.005729166666666666 0.021153846153846155
0 0.8015625 0.5990384615384615 0.025 0.025
0 0.8421875 0.5980769230769231 0.051041666666666666 0.026923076923076925
0 0.87109375 0.5961538461538461 0.0015625 0.019230769230769232
0 0.884375 0.5951923076923077 0.017708333333333333 0.021153846153846155
0 0.8989583333333333 0.5951923076923077 0.007291666666666667 0.021153846153846155
0 0.6669270833333333 0.6278846153846154 0.019270833333333334 0.021153846153846155
0 0.6872395833333333 0.6278846153846154 0.0171875 0.021153846153846155
0 0.7104166666666667 0.6307692307692307 0.023958333333333335 0.026923076923076925
0 0.7359375 0.6346153846153846 0.022916666666666665 0.019230769230769232
0 0.7625 0.6307692307692307 0.025 0.026923076923076925
0 0.8028645833333333 0.6307692307692307 0.0515625 0.026923076923076925
0 0.8489583333333334 0.6317307692307692 0.036458333333333336 0.025
0 0.8809895833333333 0.6288461538461538 0.022395833333333334 0.019230769230769232
0 0.90078125 0.6298076923076923 0.013020833333333334 0.025
0 0.6734375 0.6625 0.03229166666666667 0.01730769230769231
0 0.6950520833333333 0.6605769230769231 0.0067708333333333336 0.021153846153846155
0 0.7091145833333333 0.6644230769230769 0.0171875 0.021153846153846155
0 0.73125 0.6605769230769231 0.021875 0.021153846153846155
0 0.7606770833333333 0.6634615384615384 0.0328125 0.026923076923076925
0 0.79140625 0.6634615384615384 0.0234375 0.026923076923076925
0 0.8088541666666667 0.6605769230769231 0.007291666666666667 0.021153846153846155
0 0.83984375 0.6653846153846154 0.050520833333333334 0.023076923076923078
0 0.8716145833333333 0.6625 0.008854166666666666 0.01730769230769231
0 0.25755208333333335 0.9692307692307692 0.013020833333333334 0.019230769230769232
0 0.28619791666666666 0.9692307692307692 0.022395833333333334 0.019230769230769232
0 0.29583333333333334 0.9692307692307692 0.005208333333333333 0.057692307692307696
0 0.9059895833333333 0.9701923076923077 0.013020833333333334 0.01730769230769231
0 0.9567708333333333 0.9682692307692308 0.078125 0.028846153846153848
0 0.98125 0.9673076923076923 0.004166666666666667 0.057692307692307696
