0 0.02421875 0.0728476821192053 0.03802083333333333 0.10596026490066225
0 0.06015625 0.0695364238410596 0.0067708333333333336 0.08609271523178808
0 0.08072916666666667 0.0728476821192053 0.016666666666666666 0.10596026490066225
0 0.48880208333333336 0.08609271523178808 0.030729166666666665 0.17218543046357615
0 0.5080729166666667 0.08940397350993377 0.0015625 0.006622516556291391
0 0.5192708333333333 0.08278145695364239 0.0125 0.059602649006622516
0 0.9921875 0.0728476821192053 0.005208333333333333 0.06622516556291391
0 0.01484375 0.24834437086092714 0.0203125 0.059602649006622516
0 0.05182291666666667 0.24834437086092714 0.024479166666666666 0.059602649006622516
0 0.09427083333333333 0.24834437086092714 0.030208333333333334 0.059602649006622516
0 0.13984375 0.23841059602649006 0.028645833333333332 0.07947019867549669
0 0.17682291666666666 0.24503311258278146 0.030729166666666665 0.1986754966887417
0 0.20234375 0.24834437086092714 0.0140625 0.059602649006622516
0 0.2421875 0.23841059602649006 0.034375 0.07947019867549669
0 0.29609375 0.24834437086092714 0.0421875 0.059602649006622516
0 0.3453125 0.23841059602649006 0.025 0.07947019867549669
0 0.38958333333333334 0.24834437086092714 0.03229166666666667 0.059602649006622516
0 0.4434895833333333 0.23841059602649006 0.044270833333333336 0.07947019867549669
0 0.4744791666666667 0.24503311258278146 0.009375 0.1986754966887417
0 0.496875 0.24834437086092714 0.03125 0.059602649006622516
0 0.5111979166666667 0.24503311258278146 0.0067708333333333336 0.1986754966887417
0 0.97734375 0.24503311258278146 0.0453125 0.15894039735099338
0 0.9942708333333333 0.24503311258278146 0.011458333333333333 0.2119205298013245
0 0.94765625 0.08278145695364239 0.008854166666666666 0.16556291390728478
0 0.96171875 0.08609271523178808 0.0046875 0.013245033112582781
0 0.08098958333333334 0.4205298013245033 0.021354166666666667 0.08609271523178808
0 0.11848958333333333 0.4205298013245033 0.0067708333333333336 0.08609271523178808
0 0.13177083333333334 0.4271523178807947 0.015625 0.09933774834437085
0 0.225 0.3841059602649007 0.0010416666666666667 0.013245033112582781
0 0.24192708333333332 0.423841059602649 0.018229166666666668 0.1986754966887417
0 0.2609375 0.4470198675496689 0.0125 0.059602649006622516
0 0.31536458333333334 0.423841059602649 0.008854166666666666 0.09271523178807947
0 0.34427083333333336 0.4735099337748344 0.0125 0.19205298013245034
0 0.41354166666666664 0.423841059602649 0.022916666666666665 0.1986754966887417
0 0.4278645833333333 0.4271523178807947 0.0015625 0.059602649006622516
0 0.4375 0.4271523178807947 0.011458333333333333 0.059602649006622516
0 0.5236979166666667 0.423841059602649 0.015104166666666667 0.07947019867549669
0 0.07421875 0.5728476821192053 0.0078125 0.08609271523178808
0 0.19661458333333334 0.4735099337748344 0.0140625 0.17880794701986755
0 0.21875 0.48013245033112584 0.013541666666666667 0.2052980132450331
0 0.31223958333333335 0.5 0.016145833333333335 0.2185430463576159
0 0.37864583333333335 0.47019867549668876 0.0125 0.15894039735099338
0 0.52265625 0.4966887417218543 0.013020833333333334 0.10596026490066225
0 0.56171875 0.5231788079470199 0.0078125 0.09271523178807947
0 0.09270833333333334 0.5794701986754967 0.023958333333333335 0.059602649006622516
0 0.11848958333333333 0.5728476821192053 0.0067708333333333336 0.08609271523178808
0 0.140625 0.5894039735099338 0.03125 0.07947019867549669
0 0.23489583333333333 0.5728476821192053 0.007291666666666667 0.0728476821192053
0 0.25364583333333335 0.5794701986754967 0.023958333333333335 0.059602649006622516
0 0.27630208333333334 0.5993377483443708 0.0140625 0.059602649006622516
0 0.3338541666666667 0.6291390728476821 0.0010416666666666667 0.013245033112582781
0 0.40520833333333334 0.5728476821192053 0.00625 0.0728476821192053
0 0.42552083333333335 0.5761589403973509 0.03333333333333333 0.10596026490066225
0 0.4583333333333333 0.5894039735099338 0.028125 0.07947019867549669
0 0.013541666666666667 0.652317880794702 0.015625 0.059602649006622516
0 0.03619791666666667 0.6622516556291391 0.013020833333333334 0.07947019867549669
0 0.05755208333333333 0.652317880794702 0.0109375 0.059602649006622516
0 0.19661458333333334 0.652317880794702 0.016145833333333335 0.059602649006622516
0 0.21875 0.652317880794702 0.014583333333333334 0.059602649006622516
0 0.31354166666666666 0.6456953642384106 0.023958333333333335 0.2052980132450331
0 0.34453125 0.6456953642384106 0.03177083333333333 0.2052980132450331
0 0.37916666666666665 0.6456953642384106 0.030208333333333334 0.2052980132450331
0 0.5239583333333333 0.6622516556291391 0.03125 0.07947019867549669
0 0.5572916666666666 0.652317880794702 0.019791666666666666 0.059602649006622516
0 0.013541666666666667 0.7582781456953642 0.019791666666666666 0.059602649006622516
0 0.11848958333333333 0.7251655629139073 0.0067708333333333336 0.08609271523178808
0 0.13151041666666666 0.7317880794701986 0.0140625 0.059602649006622516
0 0.14375 0.7317880794701986 0.00625 0.059602649006622516
0 0.16302083333333334 0.7450331125827815 0.028125 0.0728476821192053
0 0.26145833333333335 0.7350993377483444 0.06041666666666667 0.09271523178807947
0 0.31328125 0.7582781456953642 0.019270833333333334 0.059602649006622516
0 0.34427083333333336 0.7615894039735099 0.011458333333333333 0.052980132450331126
0 0.40625 0.7317880794701986 0.008333333333333333 0.0728476821192053
0 0.42552083333333335 0.7317880794701986 0.026041666666666668 0.059602649006622516
0 0.4518229166666667 0.7450331125827815 0.021354166666666667 0.0728476821192053
0 0.4817708333333333 0.7317880794701986 0.03333333333333333 0.059602649006622516
0 0.50546875 0.7317880794701986 0.0026041666666666665 0.17880794701986755
0 0.5236979166666667 0.7582781456953642 0.0234375 0.059602649006622516
0 0.55703125 0.7582781456953642 0.0026041666666666665 0.019867549668874173
0 0.05390625 0.8774834437086093 0.0296875 0.2052980132450331
0 0.14635416666666667 0.8807947019867549 0.022916666666666665 0.1986754966887417
0 0.24010416666666667 0.8874172185430463 0.014583333333333334 0.052980132450331126
0 0.4205729166666667 0.8807947019867549 0.019270833333333334 0.1986754966887417
0 0.55703125 0.8874172185430463 0.018229166666666668 0.052980132450331126
0 0.9947916666666666 0.9337748344370861 0.009375 0.13245033112582782
