0 0.1356655290102389 0.12745098039215685 0.04948805460750853 0.05169340463458111
0 0.22866894197952217 0.13101604278074866 0.040955631399317405 0.040998217468805706
0 0.24573378839590443 0.23885918003565063 0.03754266211604096 0.0142602495543672
0 0.28242320819112626 0.24064171122994651 0.01877133105802048 0.0106951871657754
0 0.32081911262798635 0.24242424242424243 0.040955631399317405 0.0142602495543672
0 0.11006825938566553 0.3057040998217469 0.16552901023890784 0.0374331550802139
0 0.08020477815699659 0.3716577540106952 0.09897610921501707 0.016042780748663103
0 0.14675767918088736 0.37433155080213903 0.020477815699658702 0.0106951871657754
0 0.21075085324232082 0.3716577540106952 0.09385665529010238 0.016042780748663103
0 0.05802047781569966 0.4376114081996435 0.06143344709897611 0.016042780748663103
0 0.16723549488054607 0.4376114081996435 0.05802047781569966 0.016042780748663103
0 0.2960750853242321 0.43493761140819964 0.1075085324232082 0.0213903743315508
0 0.04607508532423208 0.5249554367201426 0.04436860068259386 0.016042780748663103
0 0.12286689419795221 0.5249554367201426 0.09556313993174062 0.016042780748663103
0 0.18771331058020477 0.5249554367201426 0.020477815699658702 0.016042780748663103
0 0.22781569965870307 0.5276292335115864 0.04607508532423208 0.017825311942959002
0 0.2738907849829352 0.5249554367201426 0.02901023890784983 0.016042780748663103
0 0.3267918088737201 0.5276292335115864 0.06313993174061433 0.0106951871657754
0 0.04010238907849829 0.553475935828877 0.02901023890784983 0.016042780748663103
0 0.09300341296928327 0.5588235294117647 0.06313993174061433 0.016042780748663103
0 0.1356655290102389 0.5508021390374331 0.005119453924914676 0.0106951871657754
0 0.16723549488054607 0.553475935828877 0.04778156996587031 0.016042780748663103
0 0.22013651877133106 0.5570409982174688 0.03754266211604096 0.0196078431372549
0 0.2773037542662116 0.5543672014260249 0.06313993174061433 0.0142602495543672
0 0.3361774744027304 0.5588235294117647 0.040955631399317405 0.016042780748663103
0 0.06911262798634812 0.5846702317290553 0.08703071672354949 0.0213903743315508
0 0.13737201365187712 0.5846702317290553 0.03583617747440273 0.0213903743315508
0 0.181740614334471 0.5855614973262032 0.03924914675767918 0.0196078431372549
0 0.21843003412969283 0.5819964349376114 0.020477815699658702 0.016042780748663103
0 0.2713310580204778 0.5828877005347594 0.07167235494880546 0.0142602495543672
0 0.3361774744027304 0.5819964349376114 0.040955631399317405 0.016042780748663103
0 0.07167235494880546 0.6105169340463458 0.09215017064846416 0.016042780748663103
0 0.05631399317406143 0.6675579322638147 0.06143344709897611 0.016042780748663103
0 0.09982935153583618 0.6675579322638147 0.011945392491467578 0.016042780748663103
0 0.13395904436860068 0.6702317290552585 0.042662116040955635 0.0106951871657754
0 0.17235494880546076 0.6675579322638147 0.020477815699658702 0.016042780748663103
0 0.23293515358361774 0.6675579322638147 0.08703071672354949 0.016042780748663103
0 0.3037542662116041 0.6729055258467023 0.03754266211604096 0.016042780748663103
0 0.3438566552901024 0.6684491978609626 0.02901023890784983 0.0142602495543672
0 0.04692832764505119 0.6987522281639929 0.04607508532423208 0.017825311942959002
0 0.08873720136518772 0.6987522281639929 0.020477815699658702 0.0106951871657754
0 0.13822525597269625 0.6987522281639929 0.06143344709897611 0.0213903743315508
0 0.1885665529010239 0.6987522281639929 0.025597269624573378 0.0106951871657754
0 0.21416382252559726 0.696078431372549 0.011945392491467578 0.016042780748663103
0 0.25341296928327645 0.6987522281639929 0.04948805460750853 0.0213903743315508
0 0.3054607508532423 0.7014260249554367 0.040955631399317405 0.016042780748663103
0 0.3455631399317406 0.6987522281639929 0.025597269624573378 0.0106951871657754
0 0.042662116040955635 0.7254901960784313 0.03754266211604096 0.0142602495543672
0 0.09044368600682594 0.7254901960784313 0.04436860068259386 0.0142602495543672
0 0.1552901023890785 0.7245989304812834 0.07167235494880546 0.016042780748663103
0 0.45819112627986347 0.0677361853832442 0.09385665529010238 0.0427807486631016
0 0.5938566552901023 0.06684491978609626 0.07167235494880546 0.016042780748663103
0 0.6621160409556314 0.06684491978609626 0.04778156996587031 0.016042780748663103
0 0.7935153583617748 0.06417112299465241 0.11262798634812286 0.0213903743315508
0 0.939419795221843 0.06684491978609626 0.07679180887372014 0.016042780748663103
0 0.45307167235494883 0.1140819964349376 0.17918088737201365 0.0285204991087344
0 0.6356655290102389 0.11497326203208556 0.05631399317406143 0.016042780748663103
0 0.924061433447099 0.11764705882352941 0.1075085324232082 0.0213903743315508
0 0.44112627986348124 0.1622103386809269 0.13139931740614336 0.0213903743315508
0 0.5008532423208191 0.20855614973262032 0.04607508532423208 0.0213903743315508
0 0.3771331058020478 0.23083778966131907 0.006825938566552901 0.012477718360071301
0 0.5136518771331058 0.23885918003565063 0.06825938566552901 0.0213903743315508
0 0.591296928327645 0.23618538324420676 0.07337883959044368 0.016042780748663103
0 0.6450511945392492 0.23618538324420676 0.023890784982935155 0.016042780748663103
0 0.6715017064846417 0.23885918003565063 0.01877133105802048 0.0106951871657754
0 0.7209897610921502 0.23618538324420676 0.06996587030716724 0.016042780748663103
0 0.7790102389078498 0.23885918003565063 0.032423208191126277 0.0106951871657754
0 0.8233788395904437 0.2415329768270945 0.042662116040955635 0.016042780748663103
0 0.8583617747440273 0.23707664884135474 0.017064846416382253 0.0142602495543672
0 0.8839590443686007 0.23618538324420676 0.023890784982935155 0.016042780748663103
0 0.5 0.2549019607843137 0.16040955631399317 0.0392156862745098
0 0.5938566552901023 0.2629233511586453 0.013651877133105802 0.016042780748663103
0 0.628839590443686 0.26827094474153296 0.042662116040955635 0.016042780748663103
0 0.6953924914675768 0.2629233511586453 0.08020477815699659 0.016042780748663103
0 0.5162116040955631 0.3146167557932264 0.07679180887372014 0.0196078431372549
0 0.5119453924914675 0.34581105169340465 0.06825938566552901 0.0213903743315508
0 0.568259385665529 0.3484848484848485 0.034129692832764506 0.016042780748663103
0 0.5989761092150171 0.3431372549019608 0.013651877133105802 0.016042780748663103
0 0.6322525597269625 0.34402852049910876 0.042662116040955635 0.0142602495543672
0 0.6732081911262798 0.34581105169340465 0.02901023890784983 0.0213903743315508
0 0.7090443686006825 0.3431372549019608 0.032423208191126277 0.016042780748663103
0 0.7389078498293515 0.3431372549019608 0.013651877133105802 0.016042780748663103
0 0.7696245733788396 0.34402852049910876 0.03754266211604096 0.0142602495543672
0 0.8046075085324232 0.3431372549019608 0.02218430034129693 0.016042780748663103
0 0.8575085324232082 0.3431372549019608 0.07337883959044368 0.016042780748663103
0 0.537542662116041 0.37254901960784315 0.11945392491467577 0.0106951871657754
0 0.6237201365187713 0.3698752228163993 0.042662116040955635 0.016042780748663103
0 0.658703071672355 0.3698752228163993 0.013651877133105802 0.016042780748663103
0 0.7073378839590444 0.3698752228163993 0.07337883959044368 0.016042780748663103
0 0.7892491467576792 0.3698752228163993 0.08020477815699659 0.016042780748663103
0 0.5221843003412969 0.42245989304812837 0.08532423208191127 0.0213903743315508
0 0.5819112627986348 0.4197860962566845 0.023890784982935155 0.016042780748663103
0 0.6254266211604096 0.42245989304812837 0.052901023890784986 0.017825311942959002
0 0.507679180887372 0.45276292335115864 0.059726962457337884 0.0213903743315508
0 0.5511945392491467 0.4500891265597148 0.013651877133105802 0.016042780748663103
0 0.5844709897610921 0.45098039215686275 0.042662116040955635 0.0142602495543672
0 0.6254266211604096 0.45276292335115864 0.02901023890784983 0.0213903743315508
0 0.6800341296928327 0.45098039215686275 0.06996587030716724 0.0142602495543672
0 0.7329351535836177 0.4500891265597148 0.02218430034129693 0.016042780748663103
0 0.7764505119453925 0.45276292335115864 0.05460750853242321 0.0213903743315508
0 0.8302047781569966 0.4500891265597148 0.042662116040955635 0.016042780748663103
0 0.8720136518771331 0.4500891265597148 0.030716723549488054 0.016042780748663103
0 0.9197952218430034 0.4554367201426025 0.051194539249146756 0.016042780748663103
0 0.49829351535836175 0.4786096256684492 0.040955631399317405 0.0196078431372549
0 0.5349829351535836 0.482174688057041 0.015358361774744027 0.016042780748663103
0 0.5597269624573379 0.47950089126559714 0.023890784982935155 0.0106951871657754
0 0.5853242320819113 0.4768270944741533 0.013651877133105802 0.016042780748663103
0 0.6186006825938567 0.47771836007130125 0.042662116040955635 0.0142602495543672
0 0.6706484641638225 0.4768270944741533 0.051194539249146756 0.016042780748663103
0 0.7380546075085325 0.47950089126559714 0.06996587030716724 0.0213903743315508
0 0.7866894197952219 0.47771836007130125 0.017064846416382253 0.0142602495543672
0 0.8088737201365188 0.4768270944741533 0.013651877133105802 0.016042780748663103
0 0.8455631399317406 0.482174688057041 0.04948805460750853 0.016042780748663103
0 0.8873720136518771 0.4768270944741533 0.023890784982935155 0.016042780748663103
0 0.9283276450511946 0.47771836007130125 0.04778156996587031 0.0142602495543672
0 0.40102389078498296 0.5231729055258467 0.051194539249146756 0.016042780748663103
0 0.44368600682593856 0.5231729055258467 0.023890784982935155 0.016042780748663103
0 0.4948805460750853 0.5231729055258467 0.06825938566552901 0.016042780748663103
0 0.5008532423208191 0.5721925133689839 0.04607508532423208 0.0213903743315508
0 0.5691126279863481 0.571301247771836 0.08020477815699659 0.0196078431372549
0 0.5042662116040956 0.5998217468805704 0.052901023890784986 0.016042780748663103
0 0.5486348122866894 0.6024955436720143 0.02218430034129693 0.0106951871657754
0 0.5836177474402731 0.6007130124777184 0.03754266211604096 0.0142602495543672
0 0.6186006825938567 0.5998217468805704 0.02218430034129693 0.016042780748663103
0 0.6672354948805461 0.5998217468805704 0.06484641638225255 0.016042780748663103
0 0.7133105802047781 0.6007130124777184 0.017064846416382253 0.0142602495543672
0 0.764505119453925 0.5998217468805704 0.07508532423208192 0.016042780748663103
0 0.8156996587030717 0.5998217468805704 0.013651877133105802 0.016042780748663103
0 0.8668941979522184 0.5998217468805704 0.07508532423208192 0.016042780748663103
0 0.5102389078498294 0.6265597147950089 0.06484641638225255 0.016042780748663103
0 0.552901023890785 0.6265597147950089 0.010238907849829351 0.016042780748663103
0 0.5716723549488054 0.6265597147950089 0.013651877133105802 0.016042780748663103
0 0.606655290102389 0.6319073083778967 0.042662116040955635 0.016042780748663103
0 0.6732081911262798 0.6265597147950089 0.08020477815699659 0.016042780748663103
0 0.3771331058020478 0.5944741532976827 0.006825938566552901 0.012477718360071301
0 0.514505119453925 0.6764705882352942 0.07337883959044368 0.016042780748663103
0 0.5042662116040956 0.7067736185383244 0.052901023890784986 0.016042780748663103
0 0.5486348122866894 0.7094474153297683 0.02218430034129693 0.0106951871657754
0 0.5836177474402731 0.7076648841354723 0.03754266211604096 0.0142602495543672
0 0.6186006825938567 0.7067736185383244 0.02218430034129693 0.016042780748663103
0 0.6672354948805461 0.7067736185383244 0.06484641638225255 0.016042780748663103
0 0.7133105802047781 0.7076648841354723 0.017064846416382253 0.0142602495543672
0 0.764505119453925 0.7067736185383244 0.07508532423208192 0.016042780748663103
0 0.8156996587030717 0.7067736185383244 0.013651877133105802 0.016042780748663103
0 0.8668941979522184 0.7067736185383244 0.07508532423208192 0.016042780748663103
0 0.5102389078498294 0.7335115864527629 0.06484641638225255 0.016042780748663103
0 0.5716723549488054 0.7335115864527629 0.04778156996587031 0.016042780748663103
0 0.6305460750853242 0.7335115864527629 0.05631399317406143 0.016042780748663103
0 0.689419795221843 0.7388591800356507 0.04778156996587031 0.016042780748663103
0 0.5008532423208191 0.786096256684492 0.04607508532423208 0.0213903743315508
0 0.552901023890785 0.786096256684492 0.04778156996587031 0.0213903743315508
0 0.5042662116040956 0.8137254901960784 0.052901023890784986 0.016042780748663103
0 0.5486348122866894 0.8163992869875223 0.02218430034129693 0.0106951871657754
0 0.5836177474402731 0.8146167557932263 0.03754266211604096 0.0142602495543672
0 0.6186006825938567 0.8137254901960784 0.02218430034129693 0.016042780748663103
0 0.6672354948805461 0.8137254901960784 0.06484641638225255 0.016042780748663103
0 0.7133105802047781 0.8146167557932263 0.017064846416382253 0.0142602495543672
0 0.764505119453925 0.8137254901960784 0.07508532423208192 0.016042780748663103
0 0.8156996587030717 0.8137254901960784 0.013651877133105802 0.016042780748663103
0 0.8668941979522184 0.8137254901960784 0.07508532423208192 0.016042780748663103
0 0.5102389078498294 0.8404634581105169 0.06484641638225255 0.016042780748663103
0 0.5614334470989761 0.8431372549019608 0.027303754266211604 0.0106951871657754
0 0.5887372013651877 0.8404634581105169 0.013651877133105802 0.016042780748663103
0 0.6237201365187713 0.8458110516934046 0.042662116040955635 0.016042780748663103
0 0.6732081911262798 0.8431372549019608 0.042662116040955635 0.0213903743315508
0 0.7397610921501706 0.8404634581105169 0.08020477815699659 0.016042780748663103
0 0.5008532423208191 0.893048128342246 0.04607508532423208 0.0213903743315508
0 0.5648464163822525 0.893048128342246 0.07167235494880546 0.0213903743315508
0 0.5042662116040956 0.9206773618538324 0.052901023890784986 0.016042780748663103
0 0.5486348122866894 0.9233511586452763 0.02218430034129693 0.0106951871657754
0 0.5836177474402731 0.9215686274509803 0.03754266211604096 0.0142602495543672
0 0.6186006825938567 0.9206773618538324 0.02218430034129693 0.016042780748663103
0 0.6672354948805461 0.9206773618538324 0.06484641638225255 0.016042780748663103
0 0.7133105802047781 0.9215686274509803 0.017064846416382253 0.0142602495543672
0 0.764505119453925 0.9206773618538324 0.07508532423208192 0.016042780748663103
0 0.8156996587030717 0.9206773618538324 0.013651877133105802 0.016042780748663103
0 0.8668941979522184 0.9206773618538324 0.07508532423208192 0.016042780748663103
0 0.5102389078498294 0.9474153297682709 0.06484641638225255 0.016042780748663103
0 0.5614334470989761 0.9500891265597148 0.027303754266211604 0.0106951871657754
0 0.5887372013651877 0.9474153297682709 0.013651877133105802 0.016042780748663103
0 0.6237201365187713 0.9527629233511586 0.042662116040955635 0.016042780748663103
0 0.6843003412969283 0.9500891265597148 0.06825938566552901 0.0213903743315508
0 0.7636518771331058 0.9474153297682709 0.08020477815699659 0.016042780748663103
0 0.9906143344709898 0.06684491978609626 0.01877133105802048 0.016042780748663103
0 0.9914675767918089 0.15597147950089127 0.017064846416382253 0.016042780748663103
0 0.9914675767918089 0.19696969696969696 0.017064846416382253 0.016042780748663103
