0 0.3141711229946524 0.15873015873015872 0.040106951871657755 0.022675736961451247
0 0.35962566844919786 0.15873015873015872 0.029411764705882353 0.022675736961451247
0 0.4959893048128342 0.1621315192743764 0.21657754010695188 0.02947845804988662
0 0.7245989304812834 0.1621315192743764 0.2192513368983957 0.02947845804988662
0 0.11229946524064172 0.46598639455782315 0.0213903743315508 0.015873015873015872
0 0.20320855614973263 0.4671201814058957 0.12834224598930483 0.06349206349206349
0 0.3622994652406417 0.4671201814058957 0.13101604278074866 0.06349206349206349
0 0.49866310160427807 0.4671201814058957 0.12032085561497326 0.06349206349206349
0 0.11229946524064172 0.5385487528344671 0.0213903743315508 0.015873015873015872
0 0.37566844919786097 0.5419501133786848 0.4732620320855615 0.022675736961451247
0 0.28342245989304815 0.5396825396825397 0.026737967914438502 0.06349206349206349
0 0.36764705882352944 0.5396825396825397 0.12032085561497326 0.06349206349206349
0 0.5307486631016043 0.5396825396825397 0.18449197860962566 0.06349206349206349
0 0.11229946524064172 0.6111111111111112 0.0213903743315508 0.015873015873015872
0 0.20588235294117646 0.6145124716553289 0.13368983957219252 0.06349206349206349
0 0.5508021390374331 0.6145124716553289 0.5347593582887701 0.022675736961451247
0 0.589572192513369 0.6145124716553289 0.040106951871657755 0.06349206349206349
0 0.6778074866310161 0.6145124716553289 0.11497326203208556 0.06349206349206349
0 0.786096256684492 0.6145124716553289 0.0855614973262032 0.06349206349206349
0 0.10962566844919786 0.6836734693877551 0.016042780748663103 0.015873015873015872
0 0.1925133689839572 0.6848072562358276 0.11764705882352941 0.018140589569160998
0 0.30080213903743314 0.6848072562358276 0.040106951871657755 0.018140589569160998
0 0.40240641711229946 0.6848072562358276 0.09893048128342247 0.018140589569160998
0 0.5828877005347594 0.6870748299319728 0.19786096256684493 0.022675736961451247
0 0.7419786096256684 0.6882086167800453 0.05614973262032086 0.011337868480725623
0 0.8128342245989305 0.6848072562358276 0.0213903743315508 0.018140589569160998
0 0.893048128342246 0.6927437641723356 0.08021390374331551 0.034013605442176874
0 0.22058823529411764 0.7165532879818595 0.17379679144385027 0.022675736961451247
0 0.3609625668449198 0.7165532879818595 0.06417112299465241 0.06349206349206349
0 0.41310160427807485 0.7142857142857143 0.008021390374331552 0.018140589569160998
0 0.6885026737967914 0.7165532879818595 0.4893048128342246 0.022675736961451247
0 0.6377005347593583 0.7165532879818595 0.034759358288770054 0.06349206349206349
0 0.7312834224598931 0.7165532879818595 0.13101604278074866 0.06349206349206349
0 0.8810160427807486 0.7165532879818595 0.12032085561497326 0.06349206349206349
0 0.2232620320855615 0.746031746031746 0.17914438502673796 0.022675736961451247
0 0.3582887700534759 0.746031746031746 0.06417112299465241 0.022675736961451247
0 0.4197860962566845 0.7437641723356009 0.0213903743315508 0.06349206349206349
0 0.4919786096256685 0.746031746031746 0.11229946524064172 0.022675736961451247
0 0.5721925133689839 0.7437641723356009 0.0213903743315508 0.018140589569160998
0 0.643048128342246 0.7437641723356009 0.09893048128342247 0.018140589569160998
0 0.8021390374331551 0.746031746031746 0.19786096256684493 0.022675736961451247
0 0.9237967914438503 0.746031746031746 0.02406417112299465 0.013605442176870748
0 0.22058823529411764 0.7732426303854876 0.16310160427807488 0.018140589569160998
0 0.11229946524064172 0.8469387755102041 0.0213903743315508 0.015873015873015872
0 0.18449197860962566 0.8480725623582767 0.09090909090909091 0.06349206349206349
0 0.32754010695187163 0.8480725623582767 0.16310160427807488 0.06349206349206349
0 0.4799465240641711 0.8480725623582767 0.12032085561497326 0.06349206349206349
0 0.5842245989304813 0.8480725623582767 0.07754010695187166 0.018140589569160998
0 0.7165775401069518 0.8526077097505669 0.1711229946524064 0.018140589569160998
