0 0.15625 0.14134615384615384 0.011458333333333333 0.028846153846153848
0 0.18619791666666666 0.14134615384615384 0.04114583333333333 0.028846153846153848
0 0.21145833333333333 0.1451923076923077 0.0010416666666666667 0.021153846153846155
0 0.22734375 0.14134615384615384 0.021354166666666667 0.028846153846153848
0 0.24635416666666668 0.1451923076923077 0.011458333333333333 0.021153846153846155
0 0.28203125 0.14038461538461539 0.05364583333333333 0.03076923076923077
0 0.35 0.1451923076923077 0.07395833333333333 0.04038461538461539
0 0.39401041666666664 0.14038461538461539 0.0067708333333333336 0.03076923076923077
0 0.41875 0.1451923076923077 0.036458333333333336 0.04038461538461539
0 0.44817708333333334 0.1451923076923077 0.016145833333333335 0.021153846153846155
0 0.4703125 0.14038461538461539 0.021875 0.03076923076923077
0 0.16692708333333334 0.19326923076923078 0.0328125 0.04038461538461539
0 0.19244791666666666 0.18846153846153846 0.009895833333333333 0.03076923076923077
0 0.21197916666666666 0.19134615384615383 0.021875 0.025
0 0.2520833333333333 0.19326923076923078 0.05 0.04038461538461539
0 0.303125 0.19326923076923078 0.04375 0.04038461538461539
0 0.3502604166666667 0.19326923076923078 0.04114583333333333 0.04038461538461539
0 0.37890625 0.19134615384615383 0.0078125 0.025
0 0.39427083333333335 0.19326923076923078 0.016666666666666666 0.021153846153846155
0 0.42291666666666666 0.18846153846153846 0.03229166666666667 0.03076923076923077
0 0.44765625 0.18846153846153846 0.009895833333333333 0.03076923076923077
0 0.46901041666666665 0.19326923076923078 0.024479166666666666 0.021153846153846155
0 0.16875 0.24615384615384617 0.036458333333333336 0.03076923076923077
0 0.19479166666666667 0.23653846153846153 0.00625 0.03076923076923077
0 0.2078125 0.23846153846153847 0.0125 0.026923076923076925
0 0.22994791666666667 0.24615384615384617 0.024479166666666666 0.03076923076923077
0 0.2559895833333333 0.24615384615384617 0.021354166666666667 0.03076923076923077
0 0.27369791666666665 0.23653846153846153 0.0078125 0.03076923076923077
0 0.2947916666666667 0.24134615384615385 0.030208333333333334 0.04038461538461539
0 0.3184895833333333 0.23653846153846153 0.009895833333333333 0.03076923076923077
0 0.3484375 0.23653846153846153 0.041666666666666664 0.03076923076923077
0 0.5375 0.5163461538461539 0.040625 0.028846153846153848
0 0.14375 0.5740384615384615 0.011458333333333333 0.028846153846153848
0 0.16875 0.573076923076923 0.03125 0.03076923076923077
0 0.18854166666666666 0.5778846153846153 0.0010416666666666667 0.021153846153846155
0 0.20390625 0.5740384615384615 0.021354166666666667 0.028846153846153848
0 0.2234375 0.5778846153846153 0.011458333333333333 0.021153846153846155
0 0.2591145833333333 0.573076923076923 0.05364583333333333 0.03076923076923077
0 0.2942708333333333 0.573076923076923 0.010416666666666666 0.03076923076923077
0 0.3190104166666667 0.5778846153846153 0.0328125 0.04038461538461539
0 0.34296875 0.573076923076923 0.0067708333333333336 0.03076923076923077
0 0.36770833333333336 0.573076923076923 0.036458333333333336 0.03076923076923077
0 0.39791666666666664 0.5778846153846153 0.01875 0.04038461538461539
0 0.41640625 0.573076923076923 0.009895833333333333 0.03076923076923077
0 0.4354166666666667 0.575 0.021875 0.026923076923076925
0 0.4578125 0.5826923076923077 0.015625 0.03076923076923077
0 0.475 0.573076923076923 0.0125 0.03076923076923077
0 0.5182291666666666 0.5855769230769231 0.01875 0.013461538461538462
0 0.15182291666666667 0.6240384615384615 0.0265625 0.025
0 0.19973958333333333 0.6211538461538462 0.0609375 0.03076923076923077
0 0.2520833333333333 0.6259615384615385 0.034375 0.04038461538461539
0 0.28177083333333336 0.6230769230769231 0.017708333333333333 0.026923076923076925
0 0.29661458333333335 0.6211538461538462 0.0046875 0.03076923076923077
0 0.3104166666666667 0.6259615384615385 0.015625 0.021153846153846155
0 0.34401041666666665 0.6259615384615385 0.0453125 0.04038461538461539
0 0.37473958333333335 0.6230769230769231 0.0078125 0.026923076923076925
0 0.3932291666666667 0.6211538461538462 0.021875 0.03076923076923077
0 0.43645833333333334 0.6211538461538462 0.058333333333333334 0.03076923076923077
0 0.48125 0.6230769230769231 0.023958333333333335 0.038461538461538464
0 0.17057291666666666 0.6740384615384616 0.0640625 0.04038461538461539
0 0.24505208333333334 0.6740384615384616 0.0765625 0.04038461538461539
