0 0.01123046875 0.045454545454545456 0.0205078125 0.06611570247933884
0 0.0224609375 0.047520661157024795 0.00390625 0.09504132231404959
0 0.03515625 0.045454545454545456 0.013671875 0.05785123966942149
0 0.05615234375 0.045454545454545456 0.0107421875 0.04132231404958678
0 0.07080078125 0.04132231404958678 0.0029296875 0.008264462809917356
0 0.10302734375 0.049586776859504134 0.0400390625 0.04132231404958678
0 0.16064453125 0.049586776859504134 0.0146484375 0.05785123966942149
0 0.1796875 0.047520661157024795 0.01171875 0.05371900826446281
0 0.25390625 0.05371900826446281 0.06640625 0.04132231404958678
0 0.2998046875 0.049586776859504134 0.015625 0.03305785123966942
0 0.34228515625 0.047520661157024795 0.0595703125 0.0371900826446281
0 0.3662109375 0.049586776859504134 0.009765625 0.09917355371900827
0 0.39697265625 0.047520661157024795 0.0400390625 0.0371900826446281
0 0.42724609375 0.049586776859504134 0.0107421875 0.03305785123966942
0 0.4404296875 0.049586776859504134 0.005859375 0.03305785123966942
0 0.470703125 0.049586776859504134 0.04296875 0.03305785123966942
0 0.53125 0.05165289256198347 0.0625 0.045454545454545456
0 0.5830078125 0.05371900826446281 0.029296875 0.04132231404958678
0 0.60888671875 0.049586776859504134 0.0107421875 0.03305785123966942
0 0.65234375 0.05165289256198347 0.06640625 0.045454545454545456
0 0.693359375 0.05578512396694215 0.00390625 0.004132231404958678
0 0.7255859375 0.049586776859504134 0.044921875 0.09917355371900827
0 0.76708984375 0.049586776859504134 0.0224609375 0.03305785123966942
0 0.96533203125 0.03512396694214876 0.0283203125 0.045454545454545456
0 0.99169921875 0.03512396694214876 0.0107421875 0.0371900826446281
0 0.02978515625 0.14669421487603307 0.0595703125 0.13636363636363635
0 0.0888671875 0.14669421487603307 0.033203125 0.13636363636363635
0 0.15576171875 0.1487603305785124 0.0439453125 0.03305785123966942
0 0.19189453125 0.14669421487603307 0.0087890625 0.13636363636363635
0 0.23974609375 0.15289256198347106 0.0654296875 0.04132231404958678
0 0.328125 0.14669421487603307 0.052734375 0.0371900826446281
0 0.416015625 0.15289256198347106 0.064453125 0.04132231404958678
0 0.49755859375 0.14669421487603307 0.0400390625 0.0371900826446281
0 0.5693359375 0.15289256198347106 0.046875 0.04132231404958678
0 0.69140625 0.15082644628099173 0.138671875 0.045454545454545456
0 0.98046875 0.1446280991735537 0.033203125 0.06611570247933884
0 0.029296875 0.25206611570247933 0.0390625 0.05785123966942149
0 0.05908203125 0.25206611570247933 0.0107421875 0.03305785123966942
0 0.0830078125 0.256198347107438 0.02734375 0.04132231404958678
0 0.10498046875 0.25 0.0029296875 0.012396694214876033
0 0.14208984375 0.26859504132231404 0.0322265625 0.1652892561983471
0 0.19140625 0.26859504132231404 0.025390625 0.09917355371900827
0 0.2255859375 0.25206611570247933 0.01171875 0.049586776859504134
0 0.27490234375 0.2706611570247934 0.0302734375 0.16942148760330578
0 0.33837890625 0.25206611570247933 0.0419921875 0.03305785123966942
0 0.3876953125 0.24380165289256198 0.021484375 0.11570247933884298
0 0.41455078125 0.25206611570247933 0.0185546875 0.03305785123966942
0 0.4541015625 0.25206611570247933 0.05078125 0.06611570247933884
0 0.50341796875 0.25206611570247933 0.0107421875 0.05785123966942149
0 0.53759765625 0.25206611570247933 0.0439453125 0.05785123966942149
0 0.55859375 0.24380165289256198 0.0078125 0.11570247933884298
0 0.64111328125 0.2603305785123967 0.0263671875 0.05785123966942149
0 0.67431640625 0.24586776859504134 0.0126953125 0.11983471074380166
0 0.716796875 0.24586776859504134 0.056640625 0.11983471074380166
0 0.7900390625 0.24586776859504134 0.078125 0.11983471074380166
0 0.86279296875 0.24586776859504134 0.0087890625 0.11983471074380166
0 0.89599609375 0.25206611570247933 0.0439453125 0.049586776859504134
0 0.01171875 0.34297520661157027 0.005859375 0.05785123966942149
0 0.03759765625 0.34710743801652894 0.0224609375 0.04132231404958678
0 0.0673828125 0.3512396694214876 0.029296875 0.03305785123966942
0 0.19140625 0.2809917355371901 0.029296875 0.12396694214876033
0 0.232421875 0.30991735537190085 0.025390625 0.049586776859504134
0 0.2724609375 0.30785123966942146 0.017578125 0.21074380165289255
0 0.333984375 0.34297520661157027 0.072265625 0.06611570247933884
0 0.37841796875 0.30785123966942146 0.0048828125 0.21074380165289255
0 0.41064453125 0.34710743801652894 0.0498046875 0.049586776859504134
0 0.52490234375 0.34297520661157027 0.0185546875 0.03305785123966942
0 0.54541015625 0.34297520661157027 0.0107421875 0.03305785123966942
0 0.5673828125 0.3512396694214876 0.0234375 0.03305785123966942
0 0.7041015625 0.3409090909090909 0.0703125 0.06198347107438017
0 0.79541015625 0.34297520661157027 0.0869140625 0.06611570247933884
0 0.89404296875 0.3450413223140496 0.0849609375 0.09504132231404959
0 0.63427734375 0.3925619834710744 0.0244140625 0.03305785123966942
0 0.65673828125 0.3925619834710744 0.0107421875 0.03305785123966942
0 0.14013671875 0.3925619834710744 0.0380859375 0.03305785123966942
0 0.19140625 0.39669421487603307 0.029296875 0.04132231404958678
0 0.23193359375 0.39669421487603307 0.0341796875 0.04132231404958678
0 0.27392578125 0.3925619834710744 0.0341796875 0.03305785123966942
0 0.01220703125 0.42768595041322316 0.0185546875 0.128099173553719
0 0.0361328125 0.43388429752066116 0.01953125 0.03305785123966942
0 0.05712890625 0.43388429752066116 0.0087890625 0.03305785123966942
0 0.07958984375 0.44214876033057854 0.0224609375 0.03305785123966942
0 0.23291015625 0.45041322314049587 0.0302734375 0.04132231404958678
0 0.392578125 0.4297520661157025 0.01953125 0.12396694214876033
0 0.42236328125 0.43388429752066116 0.0302734375 0.03305785123966942
0 0.501953125 0.42768595041322316 0.015625 0.128099173553719
0 0.5615234375 0.4380165289256198 0.091796875 0.04132231404958678
0 0.56494140625 0.42768595041322316 0.0107421875 0.128099173553719
0 0.5888671875 0.43388429752066116 0.029296875 0.05785123966942149
0 0.61669921875 0.42768595041322316 0.0029296875 0.128099173553719
0 0.64208984375 0.4462809917355372 0.0322265625 0.03305785123966942
0 0.6767578125 0.42768595041322316 0.013671875 0.128099173553719
0 0.71142578125 0.4318181818181818 0.0458984375 0.05371900826446281
0 0.7353515625 0.42768595041322316 0.00390625 0.128099173553719
0 0.76025390625 0.42768595041322316 0.0185546875 0.128099173553719
0 0.7861328125 0.4380165289256198 0.025390625 0.04132231404958678
0 0.8076171875 0.4318181818181818 0.001953125 0.012396694214876033
0 0.8798828125 0.45867768595041325 0.0390625 0.05785123966942149
0 0.95458984375 0.45454545454545453 0.0048828125 0.049586776859504134
0 0.98291015625 0.45454545454545453 0.0107421875 0.049586776859504134
0 0.056640625 0.5206611570247934 0.02734375 0.04132231404958678
0 0.14111328125 0.5165289256198347 0.0439453125 0.03305785123966942
0 0.2724609375 0.5103305785123967 0.05859375 0.128099173553719
0 0.431640625 0.5103305785123967 0.02734375 0.128099173553719
0 0.51123046875 0.5144628099173554 0.0341796875 0.0371900826446281
0 0.53759765625 0.5165289256198347 0.0087890625 0.03305785123966942
0 0.55615234375 0.5206611570247934 0.0205078125 0.04132231404958678
0 0.5771484375 0.5165289256198347 0.01171875 0.03305785123966942
0 0.60107421875 0.5247933884297521 0.0283203125 0.03305785123966942
0 0.73095703125 0.5165289256198347 0.0244140625 0.03305785123966942
0 0.01220703125 0.609504132231405 0.0224609375 0.1115702479338843
0 0.1650390625 0.6136363636363636 0.12109375 0.045454545454545456
0 0.34814453125 0.6136363636363636 0.0517578125 0.028925619834710745
0 0.45947265625 0.6136363636363636 0.1240234375 0.028925619834710745
0 0.57861328125 0.6136363636363636 0.0361328125 0.028925619834710745
0 0.64453125 0.6136363636363636 0.05078125 0.028925619834710745
0 0.70068359375 0.6136363636363636 0.0166015625 0.028925619834710745
0 0.7470703125 0.5971074380165289 0.01953125 0.11983471074380166
0 0.82568359375 0.6115702479338843 0.0498046875 0.04132231404958678
0 0.89013671875 0.5867768595041323 0.0263671875 0.05785123966942149
0 0.962890625 0.5867768595041323 0.0546875 0.06611570247933884
0 0.86572265625 0.7045454545454546 0.0087890625 0.045454545454545456
0 0.89599609375 0.7045454545454546 0.0068359375 0.045454545454545456
0 0.95556640625 0.7045454545454546 0.0673828125 0.045454545454545456
0 0.01025390625 0.7954545454545454 0.0107421875 0.1446280991735537
0 0.2333984375 0.8037190082644629 0.091796875 0.1446280991735537
0 0.87939453125 0.8264462809917356 0.0400390625 0.04132231404958678
0 0.92431640625 0.8326446280991735 0.0087890625 0.05371900826446281
0 0.86279296875 0.9462809917355371 0.0126953125 0.049586776859504134
0 0.89990234375 0.9462809917355371 0.0302734375 0.03305785123966942
0 0.94189453125 0.9462809917355371 0.0439453125 0.03305785123966942
