0 0.02109375 0.06429942418426103 0.0046875 0.0671785028790787
0 0.38046875 0.025911708253358926 0.03697916666666667 0.05182341650671785
0 0.40625 0.02399232245681382 0.008333333333333333 0.01727447216890595
0 0.4244791666666667 0.025911708253358926 0.023958333333333335 0.05182341650671785
0 0.44192708333333336 0.02399232245681382 0.0046875 0.01727447216890595
0 0.45859375 0.025911708253358926 0.021354166666666667 0.05182341650671785
0 0.4747395833333333 0.025911708253358926 0.0046875 0.05182341650671785
0 0.4817708333333333 0.02399232245681382 0.005208333333333333 0.01727447216890595
0 0.4984375 0.02495201535508637 0.022916666666666665 0.015355086372360844
0 0.5302083333333333 0.026871401151631478 0.034375 0.023032629558541268
0 0.5591145833333333 0.025911708253358926 0.0171875 0.02111324376199616
0 0.5736979166666667 0.02399232245681382 0.005729166666666666 0.01727447216890595
0 0.5981770833333333 0.025911708253358926 0.0359375 0.05182341650671785
0 0.6200520833333333 0.025911708253358926 0.0005208333333333333 0.0019193857965451055
0 0.6307291666666667 0.02399232245681382 0.0125 0.01727447216890595
0 0.9544270833333334 0.02111324376199616 0.019270833333333334 0.019193857965451054
0 0.9921875 0.02111324376199616 0.005208333333333333 0.019193857965451054
0 0.9690104166666667 0.07005758157389635 0.028645833333333332 0.01727447216890595
0 0.99375 0.0710172744721689 0.0125 0.046065259117082535
0 0.03125 0.16410748560460653 0.035416666666666666 0.01727447216890595
0 0.07578125 0.16410748560460653 0.0026041666666666665 0.09021113243761997
0 0.12447916666666667 0.16602687140115163 0.078125 0.0710172744721689
0 0.026041666666666668 0.23704414587332054 0.023958333333333335 0.01727447216890595
0 0.10885416666666667 0.28502879078694815 0.014583333333333334 0.04798464491362764
0 0.14869791666666668 0.2591170825335892 0.018229166666666668 0.023032629558541268
0 0.17057291666666666 0.2562380038387716 0.0026041666666666665 0.01727447216890595
0 0.19505208333333332 0.255278310940499 0.0036458333333333334 0.026871401151631478
0 0.9932291666666667 0.2523992322456814 0.0125 0.05950095969289827
0 0.022395833333333334 0.30998080614203455 0.016666666666666666 0.01727447216890595
0 0.10859375 0.3474088291746641 0.025520833333333333 0.05758157389635317
0 0.40130208333333334 0.34836852207293667 0.034895833333333334 0.01727447216890595
0 0.45260416666666664 0.34836852207293667 0.06354166666666666 0.01727447216890595
0 0.75390625 0.34836852207293667 0.034895833333333334 0.01727447216890595
0 0.8052083333333333 0.34836852207293667 0.06354166666666666 0.01727447216890595
0 0.028385416666666666 0.3857965451055662 0.028645833333333332 0.023032629558541268
0 0.028385416666666666 0.45873320537428025 0.028645833333333332 0.023032629558541268
0 0.11536458333333334 0.4596928982725528 0.05364583333333333 0.05566218809980806
0 0.20494791666666667 0.43666026871401153 0.0026041666666666665 0.013435700575815739
0 0.1234375 0.5076775431861804 0.019791666666666666 0.01727447216890595
0 0.14661458333333333 0.5095969289827256 0.0171875 0.02111324376199616
0 0.16276041666666666 0.510556621880998 0.0078125 0.011516314779270634
0 0.17942708333333332 0.5076775431861804 0.021354166666666667 0.01727447216890595
0 0.6614583333333334 0.4875239923224568 0.008333333333333333 0.019193857965451054
0 0.6765625 0.4894433781190019 0.017708333333333333 0.015355086372360844
0 0.6895833333333333 0.4904030710172745 0.003125 0.013435700575815739
0 0.7067708333333333 0.4875239923224568 0.026041666666666668 0.019193857965451054
0 0.7466145833333333 0.4894433781190019 0.049479166666666664 0.026871401151631478
0 0.77734375 0.4904030710172745 0.0078125 0.013435700575815739
0 0.7934895833333333 0.4894433781190019 0.0203125 0.026871401151631478
0 0.82578125 0.4894433781190019 0.04010416666666667 0.026871401151631478
0 0.8502604166666666 0.4904030710172745 0.0036458333333333334 0.013435700575815739
0 0.8661458333333333 0.4894433781190019 0.023958333333333335 0.026871401151631478
0 0.8877604166666667 0.4865642994241843 0.015104166666666667 0.02111324376199616
0 0.026302083333333334 0.5316698656429942 0.025520833333333333 0.023032629558541268
0 0.6666666666666666 0.5211132437619962 0.01875 0.01727447216890595
0 0.6822916666666666 0.519193857965451 0.008333333333333333 0.02111324376199616
0 0.6994791666666667 0.5220729366602687 0.020833333333333332 0.026871401151631478
0 0.7158854166666667 0.519193857965451 0.0078125 0.02111324376199616
0 0.7299479166666667 0.5220729366602687 0.016145833333333335 0.026871401151631478
0 0.7440104166666667 0.519193857965451 0.0067708333333333336 0.02111324376199616
0 0.7546875 0.5230326295585412 0.009375 0.013435700575815739
0 0.76875 0.519193857965451 0.014583333333333334 0.02111324376199616
0 0.790625 0.5230326295585412 0.025 0.02495201535508637
0 0.8302083333333333 0.5220729366602687 0.04895833333333333 0.026871401151631478
0 0.8651041666666667 0.5201535508637236 0.008333333333333333 0.019193857965451054
0 0.8799479166666667 0.5220729366602687 0.016145833333333335 0.026871401151631478
0 0.8940104166666667 0.519193857965451 0.0067708333333333336 0.02111324376199616
0 0.9044270833333333 0.5230326295585412 0.008854166666666666 0.013435700575815739
0 0.09661458333333334 0.5508637236084453 0.013020833333333334 0.011516314779270634
0 0.1203125 0.5460652591170825 0.013541666666666667 0.01727447216890595
0 0.6729166666666667 0.5566218809980806 0.03125 0.026871401151631478
0 0.71328125 0.5566218809980806 0.044270833333333336 0.026871401151631478
0 0.74453125 0.5604606525911708 0.013020833333333334 0.019193857965451054
0 0.7645833333333333 0.5566218809980806 0.022916666666666665 0.026871401151631478
0 0.7841145833333333 0.5566218809980806 0.0109375 0.015355086372360844
0 0.8067708333333333 0.5566218809980806 0.030208333333333334 0.026871401151631478
0 0.8278645833333333 0.553742802303263 0.0067708333333333336 0.02111324376199616
0 0.8447916666666667 0.5566218809980806 0.021875 0.026871401151631478
0 0.8609375 0.553742802303263 0.005208333333333333 0.02111324376199616
0 0.8908854166666667 0.5566218809980806 0.049479166666666664 0.026871401151631478
0 0.14557291666666666 0.5911708253358925 0.0265625 0.023032629558541268
0 0.16588541666666667 0.5882917466410749 0.008854166666666666 0.01727447216890595
0 0.18880208333333334 0.5921305182341651 0.03177083333333333 0.02111324376199616
0 0.6796875 0.5892514395393474 0.04479166666666667 0.026871401151631478
0 0.7088541666666667 0.5863723608445297 0.009375 0.02111324376199616
0 0.7330729166666666 0.5863723608445297 0.0328125 0.02111324376199616
0 0.76953125 0.5873320537428023 0.028645833333333332 0.019193857965451054
0 0.8036458333333333 0.5863723608445297 0.035416666666666666 0.02111324376199616
0 0.82890625 0.5902111324376199 0.0109375 0.013435700575815739
0 0.8544270833333333 0.5892514395393474 0.034895833333333334 0.026871401151631478
0 0.8776041666666666 0.5863723608445297 0.007291666666666667 0.02111324376199616
0 0.89609375 0.5863723608445297 0.025520833333333333 0.02111324376199616
0 0.37916666666666665 0.6132437619961613 0.04375 0.05182341650671785
0 0.43515625 0.6132437619961613 0.059895833333333336 0.05182341650671785
0 0.5033854166666667 0.6132437619961613 0.0671875 0.05182341650671785
0 0.6609375 0.6190019193857965 0.007291666666666667 0.02111324376199616
0 0.671875 0.6228406909788867 0.009375 0.013435700575815739
0 0.6890625 0.6218809980806143 0.020833333333333332 0.026871401151631478
0 0.025260416666666667 0.6046065259117083 0.022395833333333334 0.023032629558541268
0 0.11458333333333333 0.6525911708253359 0.052083333333333336 0.030710172744721688
0 0.1484375 0.710172744721689 0.07083333333333333 0.023032629558541268
0 0.14791666666666667 0.7072936660268714 0.016666666666666666 0.05566218809980806
0 0.1625 0.7072936660268714 0.008333333333333333 0.05566218809980806
0 0.17760416666666667 0.7072936660268714 0.015625 0.05566218809980806
0 0.13307291666666668 0.7456813819577736 0.0390625 0.01727447216890595
0 0.14973958333333334 0.744721689059501 0.0067708333333333336 0.053742802303262956
0 0.16927083333333334 0.7456813819577736 0.028125 0.01727447216890595
0 0.025 0.6746641074856046 0.021875 0.01727447216890595
0 0.3184895833333333 0.783109404990403 0.005729166666666666 0.026871401151631478
0 0.3453125 0.783109404990403 0.040625 0.026871401151631478
0 0.3776041666666667 0.7850287907869482 0.017708333333333333 0.023032629558541268
0 0.39036458333333335 0.7802303262955854 0.0036458333333333334 0.02111324376199616
0 0.40963541666666664 0.7840690978886756 0.0296875 0.02111324376199616
0 0.44583333333333336 0.7802303262955854 0.0375 0.02111324376199616
0 0.4700520833333333 0.7821497120921305 0.005729166666666666 0.01727447216890595
0 0.47760416666666666 0.7802303262955854 0.005208333333333333 0.02111324376199616
0 0.48932291666666666 0.7840690978886756 0.013020833333333334 0.013435700575815739
0 0.503125 0.7802303262955854 0.010416666666666666 0.02111324376199616
0 0.5338541666666666 0.783109404990403 0.046875 0.026871401151631478
0 0.671875 0.7667946257197696 0.030208333333333334 0.028790786948176585
0 0.690625 0.7658349328214972 0.0020833333333333333 0.015355086372360844
0 0.09583333333333334 0.7965451055662188 0.015625 0.023032629558541268
0 0.025 0.8656429942418427 0.021875 0.023032629558541268
0 0.12786458333333334 0.8426103646833013 0.0296875 0.023032629558541268
0 0.15182291666666667 0.8406909788867563 0.013020833333333334 0.015355086372360844
0 0.16744791666666667 0.8426103646833013 0.0140625 0.011516314779270634
0 0.20130208333333333 0.8579654510556622 0.0036458333333333334 0.007677543186180422
0 0.3182291666666667 0.8656429942418427 0.00625 0.026871401151631478
0 0.34348958333333335 0.8656429942418427 0.03697916666666667 0.026871401151631478
0 0.36666666666666664 0.8627639155470249 0.005208333333333333 0.02111324376199616
0 0.37994791666666666 0.8666026871401151 0.016145833333333335 0.013435700575815739
0 0.39427083333333335 0.8627639155470249 0.007291666666666667 0.02111324376199616
0 0.41015625 0.8627639155470249 0.0203125 0.02111324376199616
0 0.42916666666666664 0.8627639155470249 0.013541666666666667 0.02111324376199616
0 0.4432291666666667 0.8627639155470249 0.010416666666666666 0.02111324376199616
0 0.453125 0.8646833013435701 0.005208333333333333 0.01727447216890595
0 0.4739583333333333 0.8627639155470249 0.03125 0.02111324376199616
0 0.49557291666666664 0.8627639155470249 0.0067708333333333336 0.02111324376199616
0 0.5239583333333333 0.8627639155470249 0.04479166666666667 0.02111324376199616
0 0.665625 0.8502879078694817 0.016666666666666666 0.019193857965451054
0 0.6861979166666666 0.8522072936660269 0.0203125 0.026871401151631478
0 0.7114583333333333 0.8512476007677543 0.025 0.01727447216890595
0 0.72734375 0.8502879078694817 0.0015625 0.019193857965451054
0 0.7447916666666666 0.8522072936660269 0.026041666666666668 0.026871401151631478
0 0.7638020833333333 0.8531669865642995 0.0078125 0.013435700575815739
0 0.78046875 0.8512476007677543 0.021354166666666667 0.01727447216890595
0 0.8052083333333333 0.8493282149712092 0.023958333333333335 0.02111324376199616
0 0.8229166666666666 0.8493282149712092 0.007291666666666667 0.02111324376199616
0 0.8489583333333334 0.8541266794625719 0.040625 0.023032629558541268
0 0.8765625 0.8560460652591171 0.009375 0.019193857965451054
0 0.8950520833333333 0.8522072936660269 0.022395833333333334 0.015355086372360844
0 0.9098958333333333 0.8502879078694817 0.003125 0.019193857965451054
0 0.12682291666666667 0.8781190019193857 0.0265625 0.01727447216890595
0 0.14557291666666666 0.8781190019193857 0.0067708333333333336 0.01727447216890595
0 0.15885416666666666 0.8838771593090211 0.015625 0.01727447216890595
0 0.17265625 0.8809980806142035 0.0078125 0.011516314779270634
0 0.18072916666666666 0.8781190019193857 0.004166666666666667 0.01727447216890595
0 0.18697916666666667 0.8809980806142035 0.004166666666666667 0.023032629558541268
0 0.66953125 0.8838771593090211 0.024479166666666666 0.01727447216890595
0 0.6864583333333333 0.8819577735124761 0.005208333333333333 0.02111324376199616
0 0.70078125 0.8877159309021113 0.018229166666666668 0.02111324376199616
0 0.715625 0.8819577735124761 0.007291666666666667 0.02111324376199616
0 0.7455729166666667 0.8848368522072937 0.0484375 0.026871401151631478
0 0.77578125 0.8819577735124761 0.0078125 0.02111324376199616
0 0.7942708333333334 0.8857965451055663 0.025 0.02495201535508637
0 0.83359375 0.8848368522072937 0.049479166666666664 0.026871401151631478
0 0.8609375 0.8809980806142035 0.003125 0.061420345489443376
0 0.86875 0.8819577735124761 0.008333333333333333 0.02111324376199616
0 0.8872395833333333 0.8819577735124761 0.0234375 0.02111324376199616
0 0.9046875 0.8819577735124761 0.007291666666666667 0.02111324376199616
0 0.10052083333333334 0.9261036468330134 0.00625 0.005758157389635317
0 0.12916666666666668 0.9241842610364683 0.03229166666666667 0.01727447216890595
0 0.6736979166666667 0.918426103646833 0.0328125 0.02495201535508637
0 0.696875 0.9165067178502879 0.008333333333333333 0.02111324376199616
0 0.7276041666666667 0.9203454894433781 0.04895833333333333 0.02495201535508637
0 0.7580729166666667 0.9165067178502879 0.0067708333333333336 0.02111324376199616
0 0.7666666666666667 0.9165067178502879 0.005208333333333333 0.02111324376199616
0 0.7846354166666667 0.9165067178502879 0.0265625 0.02111324376199616
0 0.8088541666666667 0.918426103646833 0.016666666666666666 0.02495201535508637
0 0.8223958333333333 0.9165067178502879 0.005208333333333333 0.02111324376199616
0 0.8403645833333333 0.918426103646833 0.0265625 0.01727447216890595
0 0.8630208333333333 0.9165067178502879 0.013541666666666667 0.02111324376199616
0 0.88203125 0.9193857965451055 0.019270833333333334 0.026871401151631478
0 0.0984375 0.9395393474088292 0.01875 0.08253358925143954
0 0.9919270833333333 0.9500959692898272 0.009895833333333333 0.09980806142034548
0 0.024739583333333332 0.9385796545105566 0.021354166666666667 0.023032629558541268
0 0.11901041666666666 0.9625719769673704 0.011979166666666667 0.01727447216890595
0 0.13776041666666666 0.9625719769673704 0.011979166666666667 0.01727447216890595
0 0.15651041666666668 0.9625719769673704 0.011979166666666667 0.01727447216890595
0 0.3182291666666667 0.9500959692898272 0.00625 0.026871401151631478
0 0.34348958333333335 0.9500959692898272 0.03697916666666667 0.026871401151631478
0 0.36666666666666664 0.9472168905950096 0.005208333333333333 0.02111324376199616
0 0.37994791666666666 0.9510556621880998 0.016145833333333335 0.013435700575815739
0 0.39401041666666664 0.9472168905950096 0.0067708333333333336 0.02111324376199616
0 0.4192708333333333 0.9491362763915547 0.03854166666666667 0.02495201535508637
0 0.44453125 0.9472168905950096 0.0067708333333333336 0.02111324376199616
0 0.453125 0.9472168905950096 0.005208333333333333 0.02111324376199616
0 0.4708333333333333 0.9510556621880998 0.026041666666666668 0.02495201535508637
0 0.48932291666666666 0.9491362763915547 0.005729166666666666 0.01727447216890595
0 0.49765625 0.9472168905950096 0.0067708333333333336 0.02111324376199616
0 0.50625 0.9472168905950096 0.005208333333333333 0.02111324376199616
0 0.5229166666666667 0.9491362763915547 0.023958333333333335 0.01727447216890595
0 0.6729166666666667 0.9500959692898272 0.030208333333333334 0.019193857965451054
0 0.69296875 0.9491362763915547 0.005729166666666666 0.02111324376199616
0 0.71328125 0.9491362763915547 0.030729166666666665 0.02111324376199616
0 0.7369791666666666 0.9491362763915547 0.008333333333333333 0.02111324376199616
0 0.7598958333333333 0.9529750479846449 0.03229166666666667 0.013435700575815739
0 0.7940104166666667 0.9510556621880998 0.030729166666666665 0.01727447216890595
0 0.82421875 0.9539347408829175 0.025520833333333333 0.023032629558541268
0 0.8447916666666667 0.9500959692898272 0.011458333333333333 0.019193857965451054
0 0.865625 0.9491362763915547 0.026041666666666668 0.02111324376199616
0 0.8846354166666667 0.9529750479846449 0.0078125 0.013435700575815739
0 0.13776041666666666 0.972168905950096 0.043229166666666666 0.005758157389635317
0 0.6708333333333333 0.9865642994241842 0.027083333333333334 0.026871401151631478
0 0.69375 0.9904030710172744 0.014583333333333334 0.019193857965451054
0 0.7057291666666666 0.9836852207293666 0.005208333333333333 0.02111324376199616
0 0.7234375 0.9875239923224568 0.025 0.02495201535508637
0 0.7627604166666667 0.9865642994241842 0.049479166666666664 0.026871401151631478
0 0.79609375 0.9856046065259118 0.008854166666666666 0.01727447216890595
