0 0.06349206349206349 0.03133903133903134 0.10256410256410256 0.045584045584045586
0 0.14102564102564102 0.029914529914529916 0.015873015873015872 0.037037037037037035
0 0.18925518925518925 0.03133903133903134 0.03907203907203907 0.045584045584045586
0 0.12148962148962149 0.10683760683760683 0.057387057387057384 0.02564102564102564
0 0.221001221001221 0.10683760683760683 0.07081807081807082 0.02564102564102564
0 0.06654456654456654 0.18233618233618235 0.01098901098901099 0.039886039886039885
0 0.10744810744810745 0.18233618233618235 0.0463980463980464 0.039886039886039885
0 0.06654456654456654 0.20797720797720798 0.10134310134310134 0.08547008547008547
0 0.0641025641025641 0.24358974358974358 0.008547008547008548 0.03133903133903134
0 0.10989010989010989 0.2535612535612536 0.031746031746031744 0.017094017094017096
0 0.028083028083028084 0.2849002849002849 0.04151404151404151 0.06267806267806268
0 0.08791208791208792 0.2535612535612536 0.04151404151404151 0.03418803418803419
0 0.029914529914529916 0.3262108262108262 0.006105006105006105 0.008547008547008548
0 0.1623931623931624 0.3148148148148148 0.20512820512820512 0.042735042735042736
0 0.16361416361416362 0.31054131054131057 0.007326007326007326 0.09686609686609686
0 0.18803418803418803 0.31054131054131057 0.029304029304029304 0.09686609686609686
0 0.21428571428571427 0.31054131054131057 0.01098901098901099 0.09686609686609686
0 0.24725274725274726 0.31054131054131057 0.042735042735042736 0.09686609686609686
0 0.12942612942612944 0.38461538461538464 0.08791208791208792 0.02849002849002849
0 0.2692307692307692 0.3831908831908832 0.008547008547008548 0.019943019943019943
0 0.32783882783882784 0.10256410256410256 0.06715506715506715 0.03418803418803419
0 0.41452991452991456 0.10683760683760683 0.030525030525030524 0.02564102564102564
0 0.4426129426129426 0.10683760683760683 0.015873015873015872 0.02564102564102564
0 0.47374847374847373 0.10683760683760683 0.03418803418803419 0.02564102564102564
0 0.33516483516483514 0.20655270655270655 0.09401709401709402 0.02564102564102564
0 0.34615384615384615 0.20512820512820512 0.0231990231990232 0.07977207977207977
0 0.3669108669108669 0.20512820512820512 0.003663003663003663 0.07977207977207977
0 0.3791208791208791 0.20512820512820512 0.003663003663003663 0.07977207977207977
0 0.3992673992673993 0.20655270655270655 0.014652014652014652 0.02564102564102564
0 0.3241758241758242 0.292022792022792 0.008547008547008548 0.02564102564102564
0 0.3693528693528694 0.2948717948717949 0.006105006105006105 0.03133903133903134
0 0.4139194139194139 0.2948717948717949 0.06837606837606838 0.03133903133903134
0 0.42185592185592186 0.2905982905982906 0.020757020757020756 0.07977207977207977
0 0.4456654456654457 0.2905982905982906 0.01221001221001221 0.07977207977207977
0 0.4346764346764347 0.3817663817663818 0.03418803418803419 0.022792022792022793
0 0.5677655677655677 0.10256410256410256 0.08058608058608059 0.03418803418803419
0 0.9053724053724054 0.039886039886039885 0.11355311355311355 0.03418803418803419
0 0.9511599511599511 0.037037037037037035 0.019536019536019536 0.07407407407407407
0 0.9835164835164835 0.03561253561253561 0.03296703296703297 0.02564102564102564
0 0.6941391941391941 0.10683760683760683 0.0989010989010989 0.02564102564102564
0 0.8095238095238095 0.10256410256410256 0.05860805860805861 0.03418803418803419
0 0.9133089133089133 0.10683760683760683 0.0757020757020757 0.02564102564102564
0 0.8296703296703297 0.2037037037037037 0.015873015873015872 0.042735042735042736
0 0.8669108669108669 0.20512820512820512 0.01221001221001221 0.03418803418803419
0 0.8907203907203908 0.21794871794871795 0.008547008547008548 0.09401709401709402
0 0.9511599511599511 0.2207977207977208 0.09768009768009768 0.03133903133903134
0 0.8247863247863247 0.37749287749287747 0.01098901098901099 0.02564102564102564
0 0.942002442002442 0.37749287749287747 0.028083028083028084 0.06552706552706553
0 0.996947496947497 0.5968660968660968 0.006105006105006105 0.037037037037037035
0 0.8217338217338217 0.7108262108262108 0.02442002442002442 0.08831908831908832
0 0.884004884004884 0.707977207977208 0.026862026862026864 0.05982905982905983
0 0.6367521367521367 0.8262108262108262 0.01098901098901099 0.02849002849002849
0 0.6831501831501832 0.8276353276353277 0.052503052503052504 0.03133903133903134
0 0.721001221001221 0.8247863247863247 0.008547008547008548 0.02564102564102564
0 0.7515262515262515 0.8290598290598291 0.040293040293040296 0.017094017094017096
0 0.7844932844932845 0.8247863247863247 0.013431013431013432 0.02564102564102564
0 0.8089133089133089 0.8247863247863247 0.0231990231990232 0.02564102564102564
0 0.6758241758241759 0.8917378917378918 0.047619047619047616 0.07977207977207977
0 0.7173382173382173 0.8974358974358975 0.018315018315018316 0.017094017094017096
0 0.7478632478632479 0.9017094017094017 0.030525030525030524 0.02564102564102564
