0 0.02109375 0.06454720616570328 0.018229166666666668 0.0674373795761079
0 0.03125 0.16473988439306358 0.035416666666666666 0.017341040462427744
0 0.026041666666666668 0.23795761078998073 0.023958333333333335 0.017341040462427744
0 0.022395833333333334 0.3111753371868979 0.016666666666666666 0.017341040462427744
0 0.028385416666666666 0.3872832369942196 0.028645833333333332 0.023121387283236993
0 0.028385416666666666 0.4605009633911368 0.028645833333333332 0.023121387283236993
0 0.026302083333333334 0.5337186897880539 0.025520833333333333 0.023121387283236993
0 0.025260416666666667 0.6069364161849711 0.022395833333333334 0.023121387283236993
0 0.025 0.8689788053949904 0.021875 0.023121387283236993
0 0.024739583333333332 0.9421965317919075 0.021354166666666667 0.023121387283236993
0 0.12447916666666667 0.16666666666666666 0.078125 0.07129094412331406
0 0.14869791666666668 0.26011560693641617 0.018229166666666668 0.023121387283236993
0 0.17057291666666666 0.25722543352601157 0.0026041666666666665 0.017341040462427744
0 0.19505208333333332 0.25626204238921 0.0036458333333333334 0.02697495183044316
0 0.10885416666666667 0.27360308285163776 0.008333333333333333 0.023121387283236993
0 0.10885416666666667 0.2928709055876686 0.014583333333333334 0.03468208092485549
0 0.10859375 0.35452793834296725 0.025520833333333333 0.023121387283236993
0 0.11536458333333334 0.4595375722543353 0.05364583333333333 0.055876685934489405
0 0.20390625 0.4421965317919075 0.0005208333333333333 0.005780346820809248
0 0.15338541666666666 0.5115606936416185 0.0796875 0.02119460500963391
0 0.16302083333333334 0.5154142581888247 0.008333333333333333 0.04816955684007707
0 0.18151041666666667 0.5115606936416185 0.0234375 0.02119460500963391
0 0.09609375 0.5510597302504817 0.0140625 0.015414258188824663
0 0.1203125 0.5481695568400771 0.013541666666666667 0.017341040462427744
0 0.13333333333333333 0.6001926782273603 0.034375 0.02119460500963391
0 0.15703125 0.6011560693641619 0.008854166666666666 0.011560693641618497
0 0.17864583333333334 0.5982658959537572 0.03125 0.017341040462427744
0 0.12291666666666666 0.6310211946050096 0.013541666666666667 0.017341040462427744
0 0.12916666666666668 0.7148362235067437 0.027083333333333334 0.05394990366088632
0 0.15598958333333332 0.7157996146435452 0.0203125 0.017341040462427744
0 0.17890625 0.7215799614643545 0.021354166666666667 0.017341040462427744
0 0.196875 0.7157996146435452 0.011458333333333333 0.017341040462427744
0 0.13619791666666667 0.7697495183044316 0.04010416666666667 0.02119460500963391
0 0.16223958333333333 0.7707129094412332 0.008854166666666666 0.011560693641618497
0 0.18385416666666668 0.7678227360308285 0.03125 0.017341040462427744
0 0.12291666666666666 0.8005780346820809 0.013541666666666667 0.017341040462427744
0 0.10026041666666667 0.6955684007707129 0.015104166666666667 0.08092485549132948
0 0.1390625 0.684971098265896 0.04583333333333333 0.02119460500963391
0 0.16848958333333333 0.6859344894026975 0.008854166666666666 0.011560693641618497
0 0.19010416666666666 0.6830443159922929 0.03125 0.017341040462427744
0 0.13958333333333334 0.8545279383429673 0.046875 0.02119460500963391
0 0.16953125 0.8554913294797688 0.008854166666666666 0.011560693641618497
0 0.19114583333333332 0.8526011560693642 0.03125 0.017341040462427744
0 0.12291666666666666 0.8853564547206165 0.013541666666666667 0.017341040462427744
0 0.10026041666666667 0.9499036608863198 0.015104166666666667 0.08092485549132948
0 0.13828125 0.9393063583815029 0.044270833333333336 0.02119460500963391
0 0.16640625 0.9402697495183044 0.008854166666666666 0.011560693641618497
0 0.18802083333333333 0.9373795761078998 0.03125 0.017341040462427744
0 0.12291666666666666 0.9701348747591522 0.013541666666666667 0.017341040462427744
0 0.3807291666666667 0.02697495183044316 0.0375 0.023121387283236993
0 0.40598958333333335 0.024084778420038536 0.008854166666666666 0.017341040462427744
0 0.42473958333333334 0.024084778420038536 0.024479166666666666 0.017341040462427744
0 0.4421875 0.024084778420038536 0.00625 0.017341040462427744
0 0.4588541666666667 0.024084778420038536 0.021875 0.017341040462427744
0 0.47552083333333334 0.024084778420038536 0.00625 0.017341040462427744
0 0.4825520833333333 0.024084778420038536 0.0036458333333333334 0.017341040462427744
0 0.4984375 0.025048169556840076 0.022916666666666665 0.015414258188824663
0 0.53046875 0.02697495183044316 0.0359375 0.023121387283236993
0 0.559375 0.02601156069364162 0.017708333333333333 0.02119460500963391
0 0.5734375 0.024084778420038536 0.00625 0.017341040462427744
0 0.5973958333333333 0.02697495183044316 0.0375 0.023121387283236993
0 0.6197916666666666 0.02601156069364162 0.0010416666666666667 0.0019267822736030828
0 0.6296875 0.024084778420038536 0.014583333333333334 0.017341040462427744
0 0.40130208333333334 0.34971098265895956 0.034895833333333334 0.017341040462427744
0 0.45260416666666664 0.34971098265895956 0.06354166666666666 0.017341040462427744
0 0.3184895833333333 0.7861271676300579 0.005729166666666666 0.02697495183044316
0 0.3453125 0.7861271676300579 0.040625 0.02697495183044316
0 0.3776041666666667 0.7880539499036608 0.017708333333333333 0.023121387283236993
0 0.40651041666666665 0.7851637764932563 0.0359375 0.025048169556840076
0 0.44583333333333336 0.7832369942196532 0.0375 0.02119460500963391
0 0.4700520833333333 0.7851637764932563 0.005729166666666666 0.017341040462427744
0 0.47760416666666666 0.7832369942196532 0.005208333333333333 0.02119460500963391
0 0.48932291666666666 0.7870905587668593 0.013020833333333334 0.01348747591522158
0 0.503125 0.7832369942196532 0.010416666666666666 0.02119460500963391
0 0.5338541666666666 0.7861271676300579 0.046875 0.02697495183044316
0 0.3182291666666667 0.8689788053949904 0.00625 0.02697495183044316
0 0.34348958333333335 0.8689788053949904 0.03697916666666667 0.02697495183044316
0 0.36666666666666664 0.8660886319845857 0.005208333333333333 0.02119460500963391
0 0.37994791666666666 0.869942196531792 0.016145833333333335 0.01348747591522158
0 0.39427083333333335 0.8660886319845857 0.007291666666666667 0.02119460500963391
0 0.41015625 0.8660886319845857 0.0203125 0.02119460500963391
0 0.42916666666666664 0.8660886319845857 0.013541666666666667 0.02119460500963391
0 0.4432291666666667 0.8660886319845857 0.010416666666666666 0.02119460500963391
0 0.453125 0.8680154142581888 0.005208333333333333 0.017341040462427744
0 0.4739583333333333 0.8660886319845857 0.03125 0.02119460500963391
0 0.49557291666666664 0.8660886319845857 0.0067708333333333336 0.02119460500963391
0 0.5239583333333333 0.8660886319845857 0.04479166666666667 0.02119460500963391
0 0.3182291666666667 0.953757225433526 0.00625 0.02697495183044316
0 0.34348958333333335 0.953757225433526 0.03697916666666667 0.02697495183044316
0 0.36666666666666664 0.9508670520231214 0.005208333333333333 0.02119460500963391
0 0.37994791666666666 0.9547206165703276 0.016145833333333335 0.01348747591522158
0 0.39401041666666664 0.9508670520231214 0.0067708333333333336 0.02119460500963391
0 0.4192708333333333 0.9527938342967245 0.03854166666666667 0.025048169556840076
0 0.44453125 0.9508670520231214 0.0067708333333333336 0.02119460500963391
0 0.453125 0.9508670520231214 0.005208333333333333 0.02119460500963391
0 0.4708333333333333 0.9547206165703276 0.026041666666666668 0.025048169556840076
0 0.48932291666666666 0.9527938342967245 0.005729166666666666 0.017341040462427744
0 0.49765625 0.9508670520231214 0.0067708333333333336 0.02119460500963391
0 0.50625 0.9508670520231214 0.005208333333333333 0.02119460500963391
0 0.5229166666666667 0.9527938342967245 0.023958333333333335 0.017341040462427744
0 0.75390625 0.34971098265895956 0.034895833333333334 0.017341040462427744
0 0.8052083333333333 0.34971098265895956 0.06354166666666666 0.017341040462427744
0 0.6614583333333334 0.48940269749518306 0.008333333333333333 0.019267822736030827
0 0.6765625 0.4913294797687861 0.017708333333333333 0.015414258188824663
0 0.6895833333333333 0.49229287090558765 0.003125 0.01348747591522158
0 0.7067708333333333 0.48940269749518306 0.026041666666666668 0.019267822736030827
0 0.7466145833333333 0.4913294797687861 0.049479166666666664 0.02697495183044316
0 0.77734375 0.49229287090558765 0.0078125 0.01348747591522158
0 0.7934895833333333 0.4913294797687861 0.0203125 0.02697495183044316
0 0.82578125 0.4913294797687861 0.04010416666666667 0.02697495183044316
0 0.8502604166666666 0.49229287090558765 0.0036458333333333334 0.01348747591522158
0 0.8661458333333333 0.4913294797687861 0.023958333333333335 0.02697495183044316
0 0.8877604166666667 0.4884393063583815 0.015104166666666667 0.02119460500963391
0 0.6666666666666666 0.523121387283237 0.01875 0.017341040462427744
0 0.6822916666666666 0.5211946050096339 0.008333333333333333 0.02119460500963391
0 0.6994791666666667 0.5240847784200385 0.020833333333333332 0.02697495183044316
0 0.7158854166666667 0.5211946050096339 0.0078125 0.02119460500963391
0 0.7299479166666667 0.5240847784200385 0.016145833333333335 0.02697495183044316
0 0.7440104166666667 0.5211946050096339 0.0067708333333333336 0.02119460500963391
0 0.7546875 0.5250481695568401 0.009375 0.01348747591522158
0 0.76875 0.5211946050096339 0.014583333333333334 0.02119460500963391
0 0.790625 0.5250481695568401 0.025 0.025048169556840076
0 0.8302083333333333 0.5240847784200385 0.04895833333333333 0.02697495183044316
0 0.8651041666666667 0.5221579961464354 0.008333333333333333 0.019267822736030827
0 0.8799479166666667 0.5240847784200385 0.016145833333333335 0.02697495183044316
0 0.8940104166666667 0.5211946050096339 0.0067708333333333336 0.02119460500963391
0 0.9044270833333333 0.5250481695568401 0.008854166666666666 0.01348747591522158
0 0.6729166666666667 0.558766859344894 0.03125 0.02697495183044316
0 0.71328125 0.558766859344894 0.044270833333333336 0.02697495183044316
0 0.74453125 0.5626204238921002 0.013020833333333334 0.019267822736030827
0 0.7645833333333333 0.558766859344894 0.022916666666666665 0.02697495183044316
0 0.7841145833333333 0.558766859344894 0.0109375 0.015414258188824663
0 0.8067708333333333 0.558766859344894 0.030208333333333334 0.02697495183044316
0 0.8278645833333333 0.5558766859344894 0.0067708333333333336 0.02119460500963391
0 0.8447916666666667 0.558766859344894 0.021875 0.02697495183044316
0 0.8609375 0.5558766859344894 0.005208333333333333 0.02119460500963391
0 0.8908854166666667 0.558766859344894 0.049479166666666664 0.02697495183044316
0 0.6796875 0.5915221579961464 0.04479166666666667 0.02697495183044316
0 0.7088541666666667 0.5886319845857418 0.009375 0.02119460500963391
0 0.7330729166666666 0.5886319845857418 0.0328125 0.02119460500963391
0 0.76953125 0.5895953757225434 0.028645833333333332 0.019267822736030827
0 0.8036458333333333 0.5886319845857418 0.035416666666666666 0.02119460500963391
0 0.82890625 0.5924855491329479 0.0109375 0.01348747591522158
0 0.8544270833333333 0.5915221579961464 0.034895833333333334 0.02697495183044316
0 0.8776041666666666 0.5886319845857418 0.007291666666666667 0.02119460500963391
0 0.89609375 0.5886319845857418 0.025520833333333333 0.02119460500963391
0 0.6609375 0.6213872832369942 0.007291666666666667 0.02119460500963391
0 0.671875 0.6252408477842004 0.009375 0.01348747591522158
0 0.6890625 0.6242774566473989 0.020833333333333332 0.02697495183044316
0 0.671875 0.7697495183044316 0.030208333333333334 0.028901734104046242
0 0.690625 0.7687861271676301 0.0020833333333333333 0.015414258188824663
0 0.665625 0.8535645472061657 0.016666666666666666 0.019267822736030827
0 0.6861979166666666 0.8554913294797688 0.0203125 0.02697495183044316
0 0.7114583333333333 0.8545279383429673 0.025 0.017341040462427744
0 0.7276041666666667 0.8535645472061657 0.003125 0.019267822736030827
0 0.7447916666666666 0.8554913294797688 0.026041666666666668 0.02697495183044316
0 0.7638020833333333 0.8564547206165704 0.0078125 0.01348747591522158
0 0.78046875 0.8545279383429673 0.021354166666666667 0.017341040462427744
0 0.8052083333333333 0.8526011560693642 0.023958333333333335 0.02119460500963391
0 0.8229166666666666 0.8526011560693642 0.007291666666666667 0.02119460500963391
0 0.8489583333333334 0.8574181117533719 0.040625 0.023121387283236993
0 0.8765625 0.859344894026975 0.009375 0.019267822736030827
0 0.8950520833333333 0.8554913294797688 0.022395833333333334 0.015414258188824663
0 0.66953125 0.8872832369942196 0.024479166666666666 0.017341040462427744
0 0.6864583333333333 0.8853564547206165 0.005208333333333333 0.02119460500963391
0 0.70078125 0.8911368015414258 0.018229166666666668 0.02119460500963391
0 0.715625 0.8853564547206165 0.007291666666666667 0.02119460500963391
0 0.7455729166666667 0.8882466281310212 0.0484375 0.02697495183044316
0 0.77578125 0.8853564547206165 0.0078125 0.02119460500963391
0 0.7942708333333334 0.8892100192678227 0.025 0.025048169556840076
0 0.83359375 0.8882466281310212 0.049479166666666664 0.02697495183044316
0 0.8609375 0.8853564547206165 0.003125 0.05973025048169557
0 0.86875 0.8853564547206165 0.008333333333333333 0.02119460500963391
0 0.8872395833333333 0.8853564547206165 0.0234375 0.02119460500963391
0 0.9046875 0.8853564547206165 0.007291666666666667 0.02119460500963391
0 0.6736979166666667 0.9219653179190751 0.0328125 0.025048169556840076
0 0.696875 0.9200385356454721 0.008333333333333333 0.02119460500963391
0 0.7276041666666667 0.9238921001926782 0.04895833333333333 0.025048169556840076
0 0.7580729166666667 0.9200385356454721 0.0067708333333333336 0.02119460500963391
0 0.7666666666666667 0.9200385356454721 0.005208333333333333 0.02119460500963391
0 0.7846354166666667 0.9200385356454721 0.0265625 0.02119460500963391
0 0.8088541666666667 0.9219653179190751 0.016666666666666666 0.025048169556840076
0 0.8223958333333333 0.9200385356454721 0.005208333333333333 0.02119460500963391
0 0.8403645833333333 0.9219653179190751 0.0265625 0.017341040462427744
0 0.8630208333333333 0.9200385356454721 0.013541666666666667 0.02119460500963391
0 0.88203125 0.9229287090558767 0.019270833333333334 0.02697495183044316
0 0.6729166666666667 0.953757225433526 0.030208333333333334 0.019267822736030827
0 0.69296875 0.9527938342967245 0.005729166666666666 0.02119460500963391
0 0.71328125 0.9527938342967245 0.030729166666666665 0.02119460500963391
0 0.7369791666666666 0.9527938342967245 0.008333333333333333 0.02119460500963391
0 0.7598958333333333 0.9566473988439307 0.03229166666666667 0.01348747591522158
0 0.7940104166666667 0.9547206165703276 0.030729166666666665 0.017341040462427744
0 0.82421875 0.9576107899807321 0.025520833333333333 0.023121387283236993
0 0.8447916666666667 0.953757225433526 0.011458333333333333 0.019267822736030827
0 0.865625 0.9527938342967245 0.026041666666666668 0.02119460500963391
0 0.8846354166666667 0.9566473988439307 0.0078125 0.01348747591522158
0 0.6708333333333333 0.9884393063583815 0.027083333333333334 0.023121387283236993
0 0.69375 0.9922928709055877 0.014583333333333334 0.015414258188824663
0 0.7057291666666666 0.98747591522158 0.005208333333333333 0.02119460500963391
0 0.7234375 0.9894026974951831 0.025 0.02119460500963391
0 0.7627604166666667 0.9884393063583815 0.049479166666666664 0.023121387283236993
0 0.79609375 0.9894026974951831 0.008854166666666666 0.017341040462427744
0 0.9466145833333334 0.02119460500963391 0.0036458333333333334 0.019267822736030827
0 0.9921875 0.02119460500963391 0.005208333333333333 0.019267822736030827
0 0.9690104166666667 0.07032755298651253 0.028645833333333332 0.017341040462427744
0 0.99375 0.07129094412331406 0.0125 0.046242774566473986
