0 0.9690104166666667 0.1140625 0.028645833333333332 0.028125
0 0.3453125 0.1171875 0.025 0.028125
0 0.38958333333333334 0.1171875 0.03229166666666667 0.028125
0 0.4434895833333333 0.1171875 0.044270833333333336 0.028125
0 0.496875 0.1171875 0.03125 0.028125
0 0.5104166666666666 0.1140625 0.007291666666666667 0.096875
0 0.9260416666666667 0.2 0.007291666666666667 0.09375
0 0.9479166666666666 0.2015625 0.030208333333333334 0.028125
0 0.96953125 0.2015625 0.0026041666666666665 0.009375
0 0.521875 0.24375 0.011458333333333333 0.03125
0 0.55 0.24375 0.030208333333333334 0.04375
0 0.5875 0.2421875 0.030208333333333334 0.046875
0 0.6252604166666667 0.2421875 0.0296875 0.034375
0 0.8119791666666667 0.23125 0.007291666666666667 0.0125
0 0.8880208333333334 0.2421875 0.029166666666666667 0.034375
0 0.05182291666666667 0.1171875 0.024479166666666666 0.028125
0 0.09427083333333333 0.1171875 0.030208333333333334 0.028125
0 0.13984375 0.1171875 0.028645833333333332 0.028125
0 0.18984375 0.1171875 0.0390625 0.028125
0 0.24192708333333332 0.1171875 0.033854166666666664 0.028125
0 0.29583333333333334 0.1171875 0.041666666666666664 0.028125
0 0.7385416666666667 0.2421875 0.028125 0.034375
0 0.81171875 0.2484375 0.0005208333333333333 0.009375
0 0.9106770833333333 0.2734375 0.0026041666666666665 0.009375
0 0.9419270833333333 0.275 0.0390625 0.04375
0 0.32890625 0.2203125 0.0015625 0.003125
0 0.34348958333333335 0.225 0.0005208333333333333 0.03125
0 0.35598958333333336 0.24375 0.0015625 0.00625
0 0.40078125 0.2421875 0.028645833333333332 0.034375
0 0.43776041666666665 0.2421875 0.0296875 0.034375
0 0.4752604166666667 0.2421875 0.0296875 0.034375
0 0.5013020833333334 0.24375 0.0078125 0.03125
0 0.0453125 0.2109375 0.01875 0.028125
0 0.1828125 0.225 0.04479166666666667 0.0375
0 0.215625 0.2234375 0.005208333333333333 0.040625
0 0.013020833333333334 0.328125 0.015625 0.06875
0 0.057291666666666664 0.346875 0.021875 0.0125
0 0.09375 0.3484375 0.0375 0.021875
0 0.12682291666666667 0.3203125 0.0036458333333333334 0.028125
0 0.14427083333333332 0.3234375 0.015625 0.034375
0 0.15859375 0.3234375 0.0015625 0.009375
0 0.17864583333333334 0.325 0.030208333333333334 0.03125
0 0.9106770833333333 0.3359375 0.0026041666666666665 0.009375
0 0.9265625 0.31875 0.00625 0.10625
0 0.94921875 0.3453125 0.0328125 0.028125
0 0.05520833333333333 0.421875 0.0375 0.03125
0 0.11484375 0.4203125 0.0036458333333333334 0.021875
0 0.184375 0.4125 0.016666666666666666 0.10625
0 0.2565104166666667 0.4203125 0.0036458333333333334 0.021875
0 0.31484375 0.421875 0.0296875 0.03125
0 0.39088541666666665 0.434375 0.03802083333333333 0.05
0 0.4817708333333333 0.453125 0.010416666666666666 0.0125
0 0.5510416666666667 0.4515625 0.003125 0.015625
0 0.63828125 0.4328125 0.059895833333333336 0.053125
0 0.9473958333333333 0.41875 0.03333333333333333 0.025
0 0.03359375 0.5359375 0.050520833333333334 0.065625
0 0.12708333333333333 0.51875 0.013541666666666667 0.03125
0 0.35911458333333335 0.5109375 0.05572916666666667 0.065625
0 0.39869791666666665 0.50625 0.0140625 0.05625
0 0.4515625 0.515625 0.08333333333333333 0.075
0 0.50390625 0.50625 0.011979166666666667 0.05625
0 0.51875 0.50625 0.009375 0.05625
0 0.5497395833333333 0.50625 0.0453125 0.05625
0 0.5908854166666667 0.5109375 0.028645833333333332 0.065625
0 0.6143229166666667 0.50625 0.008854166666666666 0.05625
0 0.6455729166666667 0.509375 0.0453125 0.05
0 0.684375 0.50625 0.023958333333333335 0.05625
0 0.7166666666666667 0.515625 0.03229166666666667 0.075
0 0.04401041666666667 0.6515625 0.06927083333333334 0.028125
0 0.12135416666666667 0.64375 0.013541666666666667 0.05625
0 0.35703125 0.6 0.0515625 0.05625
0 0.3919270833333333 0.6 0.008854166666666666 0.05625
0 0.4283854166666667 0.6046875 0.05572916666666667 0.065625
0 0.46796875 0.6 0.0140625 0.05625
0 0.50703125 0.621875 0.05572916666666667 0.125
0 0.5653645833333333 0.603125 0.05260416666666667 0.05
0 0.6174479166666667 0.6125 0.043229166666666666 0.06875
0 0.6528645833333333 0.6 0.019270833333333334 0.05625
0 0.6885416666666667 0.6 0.04375 0.05625
0 0.72109375 0.609375 0.013020833333333334 0.0375
0 0.0796875 0.746875 0.0010416666666666667 0.00625
0 0.11770833333333333 0.6890625 0.013541666666666667 0.003125
0 0.3541666666666667 0.703125 0.04583333333333333 0.075
0 0.3932291666666667 0.7125 0.025 0.05625
0 0.4140625 0.69375 0.009375 0.05625
0 0.44427083333333334 0.703125 0.042708333333333334 0.075
0 0.5135416666666667 0.703125 0.0875 0.075
0 0.5708333333333333 0.6984375 0.017708333333333333 0.046875
0 0.017708333333333333 0.7671875 0.01875 0.028125
0 0.051041666666666666 0.7671875 0.017708333333333333 0.028125
0 0.09036458333333333 0.7671875 0.0328125 0.028125
0 0.013802083333333333 0.9203125 0.013020833333333334 0.028125
0 0.04973958333333333 0.9234375 0.05364583333333333 0.034375
0 0.05755208333333333 0.9171875 0.0046875 0.103125
0 0.06953125 0.9234375 0.0140625 0.034375
0 0.08385416666666666 0.9171875 0.008333333333333333 0.103125
0 0.11015625 0.9234375 0.04010416666666667 0.034375
0 0.35260416666666666 0.9453125 0.04479166666666667 0.084375
0 0.03177083333333333 0.9796875 0.011458333333333333 0.028125
0 0.04921875 0.9703125 0.018229166666666668 0.028125
0 0.0671875 0.9765625 0.011458333333333333 0.034375
0 0.08489583333333334 0.971875 0.017708333333333333 0.025
0 0.11067708333333333 0.9765625 0.028645833333333332 0.034375
