0 0.05182291666666667 0.06893382352941177 0.024479166666666666 0.016544117647058824
0 0.09427083333333333 0.06893382352941177 0.030208333333333334 0.016544117647058824
0 0.13984375 0.06893382352941177 0.028645833333333332 0.016544117647058824
0 0.18984375 0.06893382352941177 0.0390625 0.016544117647058824
0 0.24192708333333332 0.06893382352941177 0.033854166666666664 0.016544117647058824
0 0.29583333333333334 0.06893382352941177 0.041666666666666664 0.016544117647058824
0 0.03671875 0.1323529411764706 0.05677083333333333 0.051470588235294115
0 0.13854166666666667 0.1332720588235294 0.115625 0.05698529411764706
0 0.19166666666666668 0.14154411764705882 0.0125 0.08823529411764706
0 0.23125 0.1332720588235294 0.03958333333333333 0.04963235294117647
0 0.28151041666666665 0.13143382352941177 0.011979166666666667 0.04595588235294118
0 0.014322916666666666 0.18382352941176472 0.021354166666666667 0.022058823529411766
0 0.037760416666666664 0.18382352941176472 0.013020833333333334 0.022058823529411766
0 0.059895833333333336 0.18106617647058823 0.019791666666666666 0.016544117647058824
0 0.08776041666666666 0.18106617647058823 0.021354166666666667 0.016544117647058824
0 0.11588541666666667 0.18382352941176472 0.019270833333333334 0.022058823529411766
0 0.13958333333333334 0.18382352941176472 0.019791666666666666 0.022058823529411766
0 0.16328125 0.18106617647058823 0.019270833333333334 0.016544117647058824
0 0.18854166666666666 0.18106617647058823 0.023958333333333335 0.016544117647058824
0 0.21822916666666667 0.1792279411764706 0.027083333333333334 0.05698529411764706
0 0.24557291666666667 0.18198529411764705 0.0203125 0.014705882352941176
0 0.29010416666666666 0.18382352941176472 0.015625 0.011029411764705883
0 0.3190104166666667 0.18382352941176472 0.0109375 0.011029411764705883
0 0.014322916666666666 0.21323529411764705 0.019270833333333334 0.022058823529411766
0 0.0375 0.21599264705882354 0.016666666666666666 0.016544117647058824
0 0.06015625 0.21599264705882354 0.013020833333333334 0.016544117647058824
0 0.08828125 0.2104779411764706 0.0026041666666666665 0.0055147058823529415
0 0.13984375 0.21323529411764705 0.021354166666666667 0.022058823529411766
0 0.16328125 0.2104779411764706 0.0026041666666666665 0.0055147058823529415
0 0.2747395833333333 0.21323529411764705 0.0026041666666666665 0.011029411764705883
0 0.2872395833333333 0.2104779411764706 0.0109375 0.016544117647058824
0 0.303125 0.20863970588235295 0.0020833333333333333 0.05698529411764706
0 0.309375 0.21323529411764705 0.005208333333333333 0.011029411764705883
0 0.32057291666666665 0.21323529411764705 0.0109375 0.01838235294117647
0 0.036458333333333336 0.24816176470588236 0.014583333333333334 0.01838235294117647
0 0.08828125 0.24632352941176472 0.0234375 0.014705882352941176
0 0.18151041666666667 0.24632352941176472 0.030729166666666665 0.014705882352941176
0 0.28125 0.24816176470588236 0.03229166666666667 0.01838235294117647
0 0.3171875 0.24540441176470587 0.015625 0.016544117647058824
0 0.03359375 0.31525735294117646 0.050520833333333334 0.05330882352941176
0 0.12708333333333333 0.30514705882352944 0.013541666666666667 0.01838235294117647
0 0.028645833333333332 0.38327205882352944 0.03854166666666667 0.016544117647058824
0 0.0453125 0.38419117647058826 0.005208333333333333 0.04411764705882353
0 0.06458333333333334 0.38327205882352944 0.028125 0.016544117647058824
0 0.12135416666666667 0.38419117647058826 0.013541666666666667 0.022058823529411766
0 0.017708333333333333 0.45128676470588236 0.01875 0.016544117647058824
0 0.03802083333333333 0.4522058823529412 0.003125 0.04411764705882353
0 0.07447916666666667 0.4485294117647059 0.06458333333333334 0.022058823529411766
0 0.013802083333333333 0.5413602941176471 0.013020833333333334 0.016544117647058824
0 0.0375 0.5413602941176471 0.029166666666666667 0.016544117647058824
0 0.057291666666666664 0.5413602941176471 0.00625 0.016544117647058824
0 0.06953125 0.5441176470588235 0.0140625 0.01838235294117647
0 0.08359375 0.5413602941176471 0.008854166666666666 0.016544117647058824
0 0.11015625 0.5441176470588235 0.04010416666666667 0.01838235294117647
0 0.012239583333333333 0.5707720588235294 0.008854166666666666 0.016544117647058824
0 0.028125 0.5762867647058824 0.01875 0.016544117647058824
0 0.04140625 0.5680147058823529 0.0015625 0.011029411764705883
0 0.051041666666666666 0.5707720588235294 0.014583333333333334 0.016544117647058824
0 0.0671875 0.5744485294117647 0.011458333333333333 0.02022058823529412
0 0.08463541666666667 0.5716911764705882 0.019270833333333334 0.014705882352941176
0 0.11067708333333333 0.5744485294117647 0.028645833333333332 0.02022058823529412
0 0.02109375 0.6038602941176471 0.0265625 0.02022058823529412
0 0.04192708333333333 0.6029411764705882 0.0109375 0.022058823529411766
0 0.05546875 0.6038602941176471 0.011979166666666667 0.02022058823529412
0 0.06666666666666667 0.6001838235294118 0.00625 0.016544117647058824
0 0.0828125 0.6011029411764706 0.021875 0.014705882352941176
0 0.10234375 0.6001838235294118 0.011979166666666667 0.016544117647058824
0 0.11744791666666667 0.6011029411764706 0.0140625 0.014705882352941176
0 0.021875 0.6295955882352942 0.028125 0.016544117647058824
0 0.0171875 0.6884191176470589 0.01875 0.016544117647058824
0 0.03046875 0.6884191176470589 0.0036458333333333334 0.016544117647058824
0 0.04088541666666667 0.6911764705882353 0.013020833333333334 0.011029411764705883
0 0.05260416666666667 0.6884191176470589 0.00625 0.016544117647058824
0 0.07109375 0.6884191176470589 0.0265625 0.016544117647058824
0 0.09270833333333334 0.6939338235294118 0.011458333333333333 0.016544117647058824
0 0.11041666666666666 0.6893382352941176 0.019791666666666666 0.014705882352941176
0 0.12552083333333333 0.6884191176470589 0.00625 0.016544117647058824
0 0.014322916666666666 0.7205882352941176 0.0140625 0.01838235294117647
0 0.027083333333333334 0.7205882352941176 0.00625 0.011029411764705883
0 0.041666666666666664 0.7169117647058824 0.017708333333333333 0.051470588235294115
0 0.05755208333333333 0.7205882352941176 0.0078125 0.011029411764705883
0 0.06536458333333334 0.7178308823529411 0.0036458333333333334 0.016544117647058824
0 0.07734375 0.7205882352941176 0.015104166666666667 0.022058823529411766
0 0.09322916666666667 0.7233455882352942 0.0125 0.016544117647058824
0 0.11588541666666667 0.7178308823529411 0.028645833333333332 0.016544117647058824
0 0.013020833333333334 0.7481617647058824 0.011458333333333333 0.014705882352941176
0 0.027604166666666666 0.7481617647058824 0.013541666666666667 0.014705882352941176
0 0.04739583333333333 0.7472426470588235 0.021875 0.016544117647058824
0 0.3453125 0.06893382352941177 0.025 0.016544117647058824
0 0.38958333333333334 0.06893382352941177 0.03229166666666667 0.016544117647058824
0 0.4434895833333333 0.06893382352941177 0.044270833333333336 0.016544117647058824
0 0.496875 0.06893382352941177 0.03125 0.016544117647058824
0 0.5111979166666667 0.06801470588235294 0.0078125 0.051470588235294115
0 0.38828125 0.13143382352941177 0.034895833333333334 0.04963235294117647
0 0.546875 0.12408088235294118 0.004166666666666667 0.016544117647058824
0 0.48151041666666666 0.13143382352941177 0.0328125 0.04963235294117647
0 0.51796875 0.13143382352941177 0.0109375 0.04963235294117647
0 0.5768229166666666 0.1323529411764706 0.008854166666666666 0.04044117647058824
0 0.64296875 0.12959558823529413 0.08802083333333334 0.05330882352941176
0 0.7114583333333333 0.13419117647058823 0.009375 0.03308823529411765
0 0.7377604166666667 0.1323529411764706 0.013020833333333334 0.04411764705882353
0 0.35 0.18106617647058823 0.010416666666666666 0.016544117647058824
0 0.3765625 0.18382352941176472 0.016666666666666666 0.022058823529411766
0 0.3984375 0.18106617647058823 0.017708333333333333 0.016544117647058824
0 0.434375 0.18106617647058823 0.0375 0.016544117647058824
0 0.35 0.21323529411764705 0.028125 0.022058823529411766
0 0.37083333333333335 0.2426470588235294 0.014583333333333334 0.058823529411764705
0 0.43411458333333336 0.24632352941176472 0.03697916666666667 0.014705882352941176
0 0.33828125 0.2977941176470588 0.0140625 0.03308823529411765
0 0.34375 0.3538602941176471 0.025 0.03125
0 0.3703125 0.3915441176470588 0.020833333333333332 0.01838235294117647
0 0.4 0.3915441176470588 0.03333333333333333 0.01838235294117647
0 0.6458333333333334 0.15533088235294118 0.009375 0.06433823529411764
0 0.6713541666666667 0.15992647058823528 0.036458333333333336 0.029411764705882353
0 0.6708333333333333 0.15533088235294118 0.005208333333333333 0.06433823529411764
0 0.6828125 0.15992647058823528 0.013541666666666667 0.029411764705882353
0 0.4703125 0.18106617647058823 0.008333333333333333 0.016544117647058824
0 0.48828125 0.18106617647058823 0.0109375 0.016544117647058824
0 0.5 0.18106617647058823 0.005208333333333333 0.016544117647058824
0 0.5182291666666666 0.18106617647058823 0.021875 0.016544117647058824
0 0.5497395833333333 0.18106617647058823 0.022395833333333334 0.016544117647058824
0 0.6020833333333333 0.18290441176470587 0.07604166666666666 0.02022058823529412
0 0.6067708333333334 0.17555147058823528 0.021875 0.06433823529411764
0 0.63046875 0.17555147058823528 0.0234375 0.06433823529411764
0 0.7111979166666667 0.18290441176470587 0.0234375 0.02022058823529412
0 0.73828125 0.18382352941176472 0.0234375 0.022058823529411766
0 0.6299479166666667 0.2104779411764706 0.0026041666666666665 0.0055147058823529415
0 0.659375 0.203125 0.03229166666666667 0.027573529411764705
0 0.6752604166666667 0.19944852941176472 0.0036458333333333334 0.06433823529411764
0 0.73828125 0.2104779411764706 0.0026041666666666665 0.0055147058823529415
0 0.4703125 0.2104779411764706 0.014583333333333334 0.016544117647058824
0 0.49296875 0.21599264705882354 0.0171875 0.016544117647058824
0 0.5184895833333333 0.21323529411764705 0.025520833333333333 0.022058823529411766
0 0.5497395833333333 0.2113970588235294 0.0171875 0.014705882352941176
0 0.57734375 0.2104779411764706 0.0026041666666666665 0.0055147058823529415
0 0.6049479166666667 0.2104779411764706 0.0026041666666666665 0.0055147058823529415
0 0.4739583333333333 0.24632352941176472 0.017708333333333333 0.051470588235294115
0 0.48802083333333335 0.24632352941176472 0.004166666666666667 0.051470588235294115
0 0.4981770833333333 0.24816176470588236 0.009895833333333333 0.01838235294117647
0 0.509375 0.24632352941176472 0.005208333333333333 0.014705882352941176
0 0.52109375 0.25 0.011979166666666667 0.014705882352941176
0 0.61484375 0.24632352941176472 0.013020833333333334 0.051470588235294115
0 0.7244791666666667 0.24816176470588236 0.023958333333333335 0.01838235294117647
0 0.6552083333333333 0.29963235294117646 0.026041666666666668 0.029411764705882353
0 0.684375 0.2977941176470588 0.023958333333333335 0.03308823529411765
0 0.7166666666666667 0.30330882352941174 0.03229166666666667 0.04411764705882353
0 0.6528645833333333 0.35294117647058826 0.019270833333333334 0.03308823529411765
0 0.6885416666666667 0.35294117647058826 0.04375 0.03308823529411765
0 0.7213541666666666 0.3584558823529412 0.013541666666666667 0.022058823529411766
0 0.5330729166666667 0.3915441176470588 0.022395833333333334 0.01838235294117647
0 0.36432291666666666 0.47058823529411764 0.005729166666666666 0.014705882352941176
0 0.37213541666666666 0.4944852941176471 0.021354166666666667 0.014705882352941176
0 0.37421875 0.5183823529411765 0.025520833333333333 0.014705882352941176
0 0.3763020833333333 0.5431985294117647 0.028645833333333332 0.016544117647058824
0 0.36432291666666666 0.5661764705882353 0.005729166666666666 0.014705882352941176
0 0.3731770833333333 0.5680147058823529 0.0078125 0.011029411764705883
0 0.38307291666666665 0.5661764705882353 0.005729166666666666 0.014705882352941176
0 0.37265625 0.5909926470588235 0.022395833333333334 0.016544117647058824
0 0.37083333333333335 0.6139705882352942 0.017708333333333333 0.014705882352941176
0 0.3703125 0.6378676470588235 0.016666666666666666 0.014705882352941176
0 0.37578125 0.6617647058823529 0.028645833333333332 0.014705882352941176
0 0.39895833333333336 0.6617647058823529 0.013541666666666667 0.014705882352941176
0 0.37604166666666666 0.6856617647058824 0.028125 0.014705882352941176
0 0.40286458333333336 0.6856617647058824 0.021354166666666667 0.014705882352941176
0 0.5348958333333333 0.42830882352941174 0.020833333333333332 0.01838235294117647
0 0.5591145833333333 0.42830882352941174 0.022395833333333334 0.01838235294117647
0 0.62734375 0.4264705882352941 0.0036458333333333334 0.007352941176470588
0 0.6453125 0.6893382352941176 0.005208333333333333 0.03308823529411765
0 0.68203125 0.6948529411764706 0.059895833333333336 0.04411764705882353
0 0.7229166666666667 0.6893382352941176 0.014583333333333334 0.03308823529411765
0 0.6713541666666667 0.75 0.06354166666666666 0.04411764705882353
0 0.7122395833333334 0.7472426470588235 0.008854166666666666 0.027573529411764705
0 0.7221354166666667 0.7619485294117647 0.0015625 0.009191176470588236
0 0.73203125 0.7444852941176471 0.008854166666666666 0.03308823529411765
0 0.74921875 0.75 0.016145833333333335 0.022058823529411766
0 0.6479166666666667 0.8051470588235294 0.007291666666666667 0.022058823529411766
0 0.6729166666666667 0.8033088235294118 0.034375 0.04044117647058824
0 0.7067708333333333 0.7996323529411765 0.023958333333333335 0.03308823529411765
0 0.74375 0.7996323529411765 0.041666666666666664 0.03308823529411765
0 0.6481770833333333 0.8575367647058824 0.008854166666666666 0.027573529411764705
0 0.6859375 0.8621323529411765 0.058333333333333334 0.04044117647058824
0 0.7234375 0.8547794117647058 0.009375 0.03308823529411765
0 0.5119791666666667 0.8713235294117647 0.003125 0.003676470588235294
0 0.5252604166666667 0.8759191176470589 0.0067708333333333336 0.02389705882352941
0 0.5395833333333333 0.8786764705882353 0.017708333333333333 0.01838235294117647
0 0.5513020833333333 0.8759191176470589 0.0015625 0.016544117647058824
0 0.5598958333333334 0.8805147058823529 0.011458333333333333 0.014705882352941176
0 0.5911458333333334 0.8786764705882353 0.04791666666666667 0.01838235294117647
0 0.6513020833333333 0.9209558823529411 0.0234375 0.03308823529411765
0 0.6760416666666667 0.9108455882352942 0.016666666666666666 0.03125
0 0.70234375 0.9154411764705882 0.028645833333333332 0.022058823529411766
0 0.7268229166666667 0.9099264705882353 0.011979166666666667 0.03308823529411765
0 0.7494791666666667 0.9117647058823529 0.025 0.029411764705882353
0 0.6486979166666667 0.9705882352941176 0.022395833333333334 0.03676470588235294
0 0.6692708333333334 0.9650735294117647 0.009375 0.03308823529411765
0 0.7145833333333333 0.9705882352941176 0.07395833333333333 0.04411764705882353
0 0.7645833333333333 0.9705882352941176 0.016666666666666666 0.04411764705882353
0 0.9690104166666667 0.06709558823529412 0.028645833333333332 0.016544117647058824
0 0.9916666666666667 0.06158088235294118 0.00625 0.027573529411764705
