0 0.041375291375291376 0.5027472527472527 0.024475524475524476 0.7490842490842491
0 0.10839160839160839 0.5018315018315018 0.011655011655011656 0.014652014652014652
0 0.18356643356643357 0.5054945054945055 0.11771561771561771 0.014652014652014652
0 0.1864801864801865 0.5 0.013986013986013986 0.05128205128205128
0 0.2191142191142191 0.5054945054945055 0.046620046620046623 0.014652014652014652
0 0.16200466200466201 0.5283882783882784 0.07459207459207459 0.027472527472527472
0 0.10314685314685315 0.9496336996336996 0.03146853146853147 0.038461538461538464
0 0.1357808857808858 0.9496336996336996 0.03146853146853147 0.038461538461538464
0 0.1684149184149184 0.9496336996336996 0.03146853146853147 0.038461538461538464
0 0.20104895104895104 0.9496336996336996 0.03146853146853147 0.038461538461538464
0 0.23426573426573427 0.9496336996336996 0.03263403263403263 0.038461538461538464
0 0.2680652680652681 0.9496336996336996 0.03263403263403263 0.038461538461538464
0 0.30186480186480186 0.9496336996336996 0.03263403263403263 0.038461538461538464
0 0.3356643356643357 0.9496336996336996 0.03263403263403263 0.038461538461538464
0 0.36946386946386944 0.9496336996336996 0.03263403263403263 0.038461538461538464
0 0.40326340326340326 0.9496336996336996 0.03263403263403263 0.038461538461538464
0 0.7185314685314685 0.17857142857142858 0.15034965034965034 0.027472527472527472
0 0.7016317016317016 0.1749084249084249 0.023310023310023312 0.06043956043956044
0 0.7552447552447552 0.17857142857142858 0.07459207459207459 0.027472527472527472
0 0.8374125874125874 0.1813186813186813 0.07575757575757576 0.02197802197802198
0 0.6153846153846154 0.3882783882783883 0.011655011655011656 0.05128205128205128
0 0.6544289044289044 0.3882783882783883 0.047785547785547784 0.05128205128205128
0 0.7115384615384616 0.3882783882783883 0.05244755244755245 0.05128205128205128
0 0.7628205128205128 0.3882783882783883 0.04312354312354312 0.05128205128205128
0 0.6188811188811189 0.4358974358974359 0.009324009324009324 0.01098901098901099
0 0.6532634032634033 0.434981684981685 0.04312354312354312 0.05311355311355311
0 0.6853146853146853 0.434981684981685 0.011655011655011656 0.05311355311355311
0 0.7482517482517482 0.43864468864468864 0.10955710955710955 0.016483516483516484
0 0.6136363636363636 0.48717948717948717 0.008158508158508158 0.05128205128205128
0 0.6544289044289044 0.48717948717948717 0.05244755244755245 0.05128205128205128
0 0.7062937062937062 0.48717948717948717 0.030303030303030304 0.05128205128205128
0 0.7587412587412588 0.48717948717948717 0.06060606060606061 0.05128205128205128
0 0.7983682983682984 0.48717948717948717 0.013986013986013986 0.05128205128205128
0 0.831002331002331 0.48717948717948717 0.04195804195804196 0.05128205128205128
0 0.8706293706293706 0.48717948717948717 0.027972027972027972 0.05128205128205128
0 0.6171328671328671 0.5366300366300366 0.005827505827505828 0.01098901098901099
0 0.6614219114219114 0.5467032967032966 0.07109557109557109 0.038461538461538464
0 0.722027972027972 0.5467032967032966 0.047785547785547784 0.031135531135531136
0 0.8181818181818182 0.5467032967032966 0.12354312354312354 0.031135531135531136
0 0.9055944055944056 0.5393772893772893 0.030303030303030304 0.016483516483516484
0 0.7750582750582751 0.5576923076923077 0.07692307692307693 0.016483516483516484
0 0.8088578088578089 0.5567765567765568 0.009324009324009324 0.05128205128205128
0 0.844988344988345 0.5567765567765568 0.046620046620046623 0.05128205128205128
0 0.9003496503496503 0.5567765567765568 0.05011655011655012 0.05128205128205128
0 0.6567599067599068 0.5769230769230769 0.06177156177156177 0.0695970695970696
0 0.708041958041958 0.5769230769230769 0.019813519813519812 0.0695970695970696
0 0.7465034965034965 0.5769230769230769 0.038461538461538464 0.0695970695970696
0 0.8088578088578089 0.5769230769230769 0.04428904428904429 0.0695970695970696
0 0.8717948717948718 0.5769230769230769 0.06060606060606061 0.0695970695970696
0 0.6153846153846154 0.6465201465201466 0.011655011655011656 0.05128205128205128
0 0.6474358974358975 0.6465201465201466 0.0337995337995338 0.05128205128205128
0 0.7016317016317016 0.6465201465201466 0.06060606060606061 0.05128205128205128
0 0.7628205128205128 0.6465201465201466 0.05244755244755245 0.05128205128205128
0 0.8041958041958042 0.6465201465201466 0.013986013986013986 0.05128205128205128
0 0.8490675990675991 0.6465201465201466 0.06643356643356643 0.05128205128205128
