0 0.22291666666666668 0.14354527938342967 0.022916666666666665 0.06358381502890173
0 0.2518229166666667 0.14354527938342967 0.0296875 0.06358381502890173
0 0.3450520833333333 0.14354527938342967 0.03177083333333333 0.06358381502890173
0 0.38229166666666664 0.14354527938342967 0.0375 0.06358381502890173
0 0.4825520833333333 0.15028901734104047 0.0671875 0.023121387283236993
0 0.525 0.1464354527938343 0.005208333333333333 0.015414258188824663
0 0.5690104166666666 0.14258188824662812 0.009895833333333333 0.06551059730250482
0 0.6966145833333334 0.14354527938342967 0.0296875 0.06358381502890173
0 0.7169270833333333 0.14739884393063585 0.0046875 0.017341040462427744
0 0.73125 0.14354527938342967 0.01875 0.06358381502890173
0 0.74765625 0.14354527938342967 0.008854166666666666 0.06358381502890173
0 0.8072916666666666 0.14354527938342967 0.014583333333333334 0.06358381502890173
0 0.81953125 0.14354527938342967 0.0046875 0.06358381502890173
0 0.8463541666666666 0.14739884393063585 0.04479166666666667 0.017341040462427744
0 0.86015625 0.14354527938342967 0.005729166666666666 0.06358381502890173
0 0.5390625 0.19653179190751446 0.026041666666666668 0.038535645472061654
0 0.5583333333333333 0.1955684007707129 0.008333333333333333 0.017341040462427744
0 0.5716145833333334 0.20134874759152216 0.013020833333333334 0.028901734104046242
0 0.5786458333333333 0.1907514450867052 0.003125 0.06551059730250482
0 0.3424479166666667 0.26204238921001927 0.011979166666666667 0.015414258188824663
0 0.34140625 0.2861271676300578 0.009895833333333333 0.028901734104046242
0 0.5966145833333333 0.35741811175337185 0.0484375 0.04431599229287091
0 0.5921875 0.407514450867052 0.040625 0.036608863198458574
0 0.3411458333333333 0.5684007707129094 0.014583333333333334 0.05394990366088632
0 0.578125 0.569364161849711 0.0125 0.025048169556840076
0 0.7153645833333333 0.569364161849711 0.05260416666666667 0.025048169556840076
0 0.8421875 0.5838150289017341 0.017708333333333333 0.0038535645472061657
0 0.22109375 0.6425818882466281 0.015104166666666667 0.017341040462427744
0 0.2513020833333333 0.6454720616570327 0.04114583333333333 0.023121387283236993
0 0.3377604166666667 0.638728323699422 0.0171875 0.06358381502890173
0 0.35208333333333336 0.638728323699422 0.00625 0.06358381502890173
0 0.37213541666666666 0.638728323699422 0.0265625 0.06358381502890173
0 0.39348958333333334 0.638728323699422 0.008854166666666666 0.06358381502890173
0 0.4627604166666667 0.6425818882466281 0.027604166666666666 0.017341040462427744
0 0.47317708333333336 0.638728323699422 0.0046875 0.06358381502890173
0 0.48541666666666666 0.6425818882466281 0.013541666666666667 0.017341040462427744
0 0.5033854166666667 0.6445086705202312 0.018229166666666668 0.02119460500963391
0 0.5760416666666667 0.638728323699422 0.022916666666666665 0.06358381502890173
0 0.5989583333333334 0.638728323699422 0.017708333333333333 0.06358381502890173
0 0.6213541666666667 0.6454720616570327 0.021875 0.023121387283236993
0 0.6932291666666667 0.638728323699422 0.021875 0.06358381502890173
0 0.70859375 0.6425818882466281 0.0046875 0.017341040462427744
0 0.7203125 0.638728323699422 0.013541666666666667 0.06358381502890173
0 0.7390625 0.638728323699422 0.019791666666666666 0.06358381502890173
0 0.8114583333333333 0.638728323699422 0.022916666666666665 0.06358381502890173
0 0.8393229166666667 0.638728323699422 0.027604166666666666 0.06358381502890173
0 0.8622395833333333 0.638728323699422 0.013020833333333334 0.06358381502890173
0 0.3424479166666667 0.7572254335260116 0.011979166666666667 0.015414258188824663
0 0.34140625 0.7813102119460501 0.009895833333333333 0.028901734104046242
0 0.24036458333333333 0.9402697495183044 0.0359375 0.023121387283236993
