0 0.047135416666666666 0.029411764705882353 0.08385416666666666 0.0427807486631016
0 0.06041666666666667 0.034759358288770054 0.007291666666666667 0.06951871657754011
0 0.08203125 0.034759358288770054 0.018229166666666668 0.06951871657754011
0 0.022395833333333334 0.10026737967914438 0.005208333333333333 0.02406417112299465
0 0.42994791666666665 0.03609625668449198 0.0078125 0.01871657754010695
0 0.4421875 0.03342245989304813 0.00625 0.02406417112299465
0 0.45989583333333334 0.0374331550802139 0.017708333333333333 0.016042780748663103
0 0.4752604166666667 0.03342245989304813 0.005729166666666666 0.02406417112299465
0 0.4825520833333333 0.03342245989304813 0.0036458333333333334 0.02406417112299465
0 0.49166666666666664 0.0374331550802139 0.0010416666666666667 0.016042780748663103
0 0.3768229166666667 0.040106951871657755 0.021354166666666667 0.0213903743315508
0 0.5013020833333334 0.03609625668449198 0.0078125 0.01871657754010695
0 0.5247395833333334 0.0374331550802139 0.030729166666666665 0.03208556149732621
0 0.05182291666666667 0.10026737967914438 0.024479166666666666 0.02406417112299465
0 0.09427083333333333 0.10026737967914438 0.030208333333333334 0.02406417112299465
0 0.13958333333333334 0.10026737967914438 0.029166666666666667 0.02406417112299465
0 0.16458333333333333 0.10160427807486631 0.004166666666666667 0.06417112299465241
0 0.18984375 0.10026737967914438 0.0390625 0.02406417112299465
0 0.2421875 0.0962566844919786 0.034375 0.03208556149732621
0 0.2677083333333333 0.10160427807486631 0.00625 0.06417112299465241
0 0.29583333333333334 0.10026737967914438 0.041666666666666664 0.02406417112299465
0 0.3255208333333333 0.10160427807486631 0.007291666666666667 0.06417112299465241
0 0.3453125 0.0962566844919786 0.025 0.03208556149732621
0 0.3671875 0.10160427807486631 0.005208333333333333 0.06417112299465241
0 0.38958333333333334 0.10026737967914438 0.03229166666666667 0.02406417112299465
0 0.4140625 0.10160427807486631 0.007291666666666667 0.06417112299465241
0 0.4434895833333333 0.0962566844919786 0.044270833333333336 0.03208556149732621
0 0.496875 0.10026737967914438 0.03125 0.02406417112299465
0 0.5109375 0.10160427807486631 0.007291666666666667 0.06417112299465241
0 0.10807291666666667 0.18181818181818182 0.005729166666666666 0.016042780748663103
0 0.14869791666666668 0.19518716577540107 0.0171875 0.0748663101604278
0 0.19635416666666666 0.19385026737967914 0.013541666666666667 0.02406417112299465
0 0.22291666666666668 0.1858288770053476 0.011458333333333333 0.02406417112299465
0 0.2713541666666667 0.2018716577540107 0.009375 0.013368983957219251
0 0.35833333333333334 0.18181818181818182 0.008333333333333333 0.016042780748663103
0 0.375 0.1925133689839572 0.015625 0.03208556149732621
0 0.4109375 0.19786096256684493 0.0125 0.0748663101604278
0 0.48515625 0.18181818181818182 0.009895833333333333 0.0213903743315508
0 0.72578125 0.26336898395721925 0.0234375 0.02406417112299465
0 0.7489583333333333 0.26336898395721925 0.015625 0.02406417112299465
0 0.7671875 0.29411764705882354 0.007291666666666667 0.0374331550802139
0 0.7971354166666667 0.2994652406417112 0.04739583333333333 0.03208556149732621
0 0.7979166666666667 0.29010695187165775 0.007291666666666667 0.08823529411764706
0 0.8125 0.2994652406417112 0.016666666666666666 0.03208556149732621
0 0.28880208333333335 0.9037433155080213 0.05572916666666667 0.058823529411764705
0 0.32838541666666665 0.8983957219251337 0.0140625 0.0481283422459893
0 0.3421875 0.9064171122994652 0.005208333333333333 0.03208556149732621
0 0.28671875 0.9772727272727273 0.0515625 0.045454545454545456
0 0.32135416666666666 0.9772727272727273 0.008333333333333333 0.045454545454545456
0 0.33671875 0.9772727272727273 0.013020833333333334 0.045454545454545456
0 0.396875 0.3582887700534759 0.011458333333333333 0.0213903743315508
0 0.4080729166666667 0.3609625668449198 0.005729166666666666 0.016042780748663103
0 0.4205729166666667 0.3582887700534759 0.015104166666666667 0.0213903743315508
0 0.43385416666666665 0.3582887700534759 0.00625 0.0213903743315508
0 0.45286458333333335 0.3582887700534759 0.0265625 0.0213903743315508
0 0.37473958333333335 0.9024064171122995 0.024479166666666666 0.029411764705882353
0 0.40703125 0.8957219251336899 0.021354166666666667 0.0213903743315508
0 0.42291666666666666 0.8957219251336899 0.00625 0.0213903743315508
0 0.434375 0.9010695187165776 0.013541666666666667 0.0213903743315508
0 0.4578125 0.9010695187165776 0.015625 0.026737967914438502
0 0.4708333333333333 0.9010695187165776 0.00625 0.026737967914438502
0 0.48203125 0.9010695187165776 0.013020833333333334 0.026737967914438502
0 0.5283854166666667 0.9679144385026738 0.018229166666666668 0.026737967914438502
0 0.7299479166666667 0.15106951871657753 0.0067708333333333336 0.00267379679144385
0 0.7640625 0.1657754010695187 0.00625 0.09090909090909091
0 0.8072916666666666 0.1711229946524064 0.08854166666666667 0.0427807486631016
0 0.81171875 0.1657754010695187 0.0046875 0.09090909090909091
0 0.8341145833333333 0.1711229946524064 0.034895833333333334 0.0427807486631016
0 0.7192708333333333 0.22994652406417113 0.030208333333333334 0.16042780748663102
0 0.7502604166666667 0.196524064171123 0.0067708333333333336 0.045454545454545456
0 0.7752604166666667 0.232620320855615 0.024479166666666666 0.0427807486631016
0 0.8729166666666667 0.26737967914438504 0.022916666666666665 0.03208556149732621
0 0.90234375 0.26336898395721925 0.0296875 0.02406417112299465
0 0.9145833333333333 0.2620320855614973 0.00625 0.0748663101604278
0 0.9322916666666666 0.26336898395721925 0.023958333333333335 0.02406417112299465
0 0.87265625 0.30614973262032086 0.0026041666666666665 0.008021390374331552
0 0.90234375 0.3141711229946524 0.0171875 0.02406417112299465
0 0.925 0.30614973262032086 0.00625 0.02406417112299465
0 0.93671875 0.3141711229946524 0.013020833333333334 0.02406417112299465
0 0.8875 0.35962566844919786 0.03125 0.029411764705882353
0 0.90859375 0.3582887700534759 0.005729166666666666 0.0213903743315508
0 0.9158854166666667 0.3582887700534759 0.0036458333333333334 0.0213903743315508
0 0.9265625 0.36363636363636365 0.0125 0.0213903743315508
0 0.9690104166666667 0.09759358288770054 0.028645833333333332 0.02406417112299465
0 0.99375 0.09893048128342247 0.0125 0.06417112299465241
