0 0.02109375 0.06607495069033531 0.018229166666666668 0.06903353057199212
0 0.03125 0.16863905325443787 0.035416666666666666 0.01775147928994083
0 0.026041666666666668 0.24358974358974358 0.023958333333333335 0.01775147928994083
0 0.022395833333333334 0.3185404339250493 0.016666666666666666 0.01775147928994083
0 0.028385416666666666 0.39644970414201186 0.028645833333333332 0.023668639053254437
0 0.028385416666666666 0.4714003944773176 0.028645833333333332 0.023668639053254437
0 0.05078125 0.4714003944773176 0.011979166666666667 0.011834319526627219
0 0.026302083333333334 0.5463510848126233 0.025520833333333333 0.023668639053254437
0 0.025260416666666667 0.621301775147929 0.022395833333333334 0.023668639053254437
0 0.015885416666666666 0.6932938856015779 0.0036458333333333334 0.01775147928994083
0 0.0234375 0.7682445759368837 0.01875 0.01775147928994083
0 0.029947916666666668 0.8905325443786982 0.011979166666666667 0.021696252465483234
0 0.024739583333333332 0.9644970414201184 0.021354166666666667 0.023668639053254437
0 0.4890625 0.02465483234714004 0.03125 0.01775147928994083
0 0.5080729166666667 0.026627218934911243 0.0015625 0.0019723865877712033
0 0.5182291666666666 0.02465483234714004 0.014583333333333334 0.01775147928994083
0 0.13203125 0.17061143984220908 0.09114583333333333 0.07297830374753451
0 0.20286458333333332 0.16962524654832348 0.03697916666666667 0.03944773175542406
0 0.09739583333333333 0.30177514792899407 0.016666666666666666 0.03944773175542406
0 0.1296875 0.3057199211045365 0.029166666666666667 0.027613412228796843
0 0.25729166666666664 0.28007889546351084 0.014583333333333334 0.055226824457593686
0 0.29661458333333335 0.2781065088757396 0.0515625 0.03155818540433925
0 0.2635416666666667 0.3599605522682446 0.028125 0.021696252465483234
0 0.2921875 0.3599605522682446 0.023958333333333335 0.021696252465483234
0 0.09375 0.42209072978303747 0.007291666666666667 0.055226824457593686
0 0.13307291666666668 0.42110453648915186 0.03697916666666667 0.021696252465483234
0 0.25833333333333336 0.40927021696252464 0.008333333333333333 0.02564102564102564
0 0.28072916666666664 0.41321499013806706 0.030208333333333334 0.021696252465483234
0 0.2713541666666667 0.44871794871794873 0.010416666666666666 0.01775147928994083
0 0.29270833333333335 0.44871794871794873 0.028125 0.01775147928994083
0 0.3104166666666667 0.4516765285996055 0.003125 0.007889546351084813
0 0.32786458333333335 0.44871794871794873 0.027604166666666666 0.01775147928994083
0 0.3453125 0.4516765285996055 0.003125 0.007889546351084813
0 0.3580729166666667 0.44871794871794873 0.018229166666666668 0.01775147928994083
0 0.37057291666666664 0.4516765285996055 0.0015625 0.007889546351084813
0 0.3854166666666667 0.44871794871794873 0.023958333333333335 0.01775147928994083
0 0.25833333333333336 0.4980276134122288 0.008333333333333333 0.02564102564102564
0 0.28098958333333335 0.504930966469428 0.0296875 0.027613412228796843
0 0.30625 0.5078895463510849 0.015625 0.021696252465483234
0 0.32109375 0.5019723865877712 0.008854166666666666 0.021696252465483234
0 0.34661458333333334 0.504930966469428 0.03697916666666667 0.027613412228796843
0 0.38046875 0.5019723865877712 0.0265625 0.021696252465483234
0 0.09739583333333333 0.5404339250493096 0.013541666666666667 0.05128205128205128
0 0.12734375 0.5424063116370809 0.025520833333333333 0.027613412228796843
0 0.14635416666666667 0.5424063116370809 0.007291666666666667 0.015779092702169626
0 0.15885416666666666 0.539447731755424 0.011458333333333333 0.021696252465483234
0 0.27109375 0.5374753451676528 0.009895833333333333 0.01775147928994083
0 0.2875 0.5374753451676528 0.01875 0.01775147928994083
0 0.2955729166666667 0.5315581854043393 0.0026041666666666665 0.05719921104536489
0 0.31484375 0.5374753451676528 0.03177083333333333 0.01775147928994083
0 0.3296875 0.5315581854043393 0.003125 0.05719921104536489
0 0.34661458333333334 0.5404339250493096 0.027604166666666666 0.023668639053254437
0 0.35833333333333334 0.5315581854043393 0.003125 0.05719921104536489
0 0.3809895833333333 0.5374753451676528 0.03697916666666667 0.01775147928994083
0 0.38229166666666664 0.5315581854043393 0.003125 0.05719921104536489
0 0.39036458333333335 0.5315581854043393 0.0067708333333333336 0.05719921104536489
0 0.39869791666666665 0.5315581854043393 0.0026041666666666665 0.05719921104536489
0 0.41328125 0.5404339250493096 0.0234375 0.023668639053254437
0 0.43333333333333335 0.5433925049309665 0.0125 0.01775147928994083
0 0.44505208333333335 0.5374753451676528 0.0067708333333333336 0.01775147928994083
0 0.465625 0.5315581854043393 0.028125 0.05719921104536489
0 0.49296875 0.5315581854043393 0.0203125 0.05719921104536489
0 0.25833333333333336 0.5808678500986193 0.008333333333333333 0.02564102564102564
0 0.27291666666666664 0.5848126232741617 0.013541666666666667 0.021696252465483234
0 0.30078125 0.5848126232741617 0.03802083333333333 0.021696252465483234
0 0.25833333333333336 0.6380670611439843 0.008333333333333333 0.02564102564102564
0 0.27760416666666665 0.6420118343195266 0.022916666666666665 0.021696252465483234
0 0.27057291666666666 0.7603550295857988 0.015104166666666667 0.04142011834319527
0 0.27057291666666666 0.8274161735700197 0.024479166666666666 0.01775147928994083
0 0.9466145833333334 0.029585798816568046 0.0015625 0.0039447731755424065
0 0.9690104166666667 0.07199211045364892 0.028645833333333332 0.01775147928994083
