0 0.02421875 0.07006369426751592 0.03802083333333333 0.10191082802547771
0 0.06015625 0.06687898089171974 0.0067708333333333336 0.08280254777070063
0 0.08072916666666667 0.07006369426751592 0.016666666666666666 0.10191082802547771
0 0.48880208333333336 0.08598726114649681 0.030729166666666665 0.17197452229299362
0 0.5080729166666667 0.08598726114649681 0.0015625 0.006369426751592357
0 0.51953125 0.07961783439490445 0.011979166666666667 0.05732484076433121
0 0.93984375 0.07006369426751592 0.0203125 0.06369426751592357
0 0.96171875 0.08280254777070063 0.0046875 0.012738853503184714
0 0.9921875 0.07006369426751592 0.005208333333333333 0.06369426751592357
0 0.05182291666666667 0.2356687898089172 0.024479166666666666 0.1910828025477707
0 0.13984375 0.22929936305732485 0.028645833333333332 0.07643312101910828
0 0.18984375 0.23885350318471338 0.0390625 0.05732484076433121
0 0.2421875 0.22929936305732485 0.034375 0.07643312101910828
0 0.29609375 0.23885350318471338 0.0421875 0.05732484076433121
0 0.3453125 0.22929936305732485 0.025 0.07643312101910828
0 0.38958333333333334 0.23885350318471338 0.03229166666666667 0.05732484076433121
0 0.4434895833333333 0.22929936305732485 0.044270833333333336 0.07643312101910828
0 0.4744791666666667 0.2356687898089172 0.009375 0.1910828025477707
0 0.496875 0.23885350318471338 0.03125 0.05732484076433121
0 0.5106770833333333 0.2356687898089172 0.0067708333333333336 0.1910828025477707
0 0.9690104166666667 0.23248407643312102 0.028645833333333332 0.05732484076433121
0 0.99375 0.2356687898089172 0.0125 0.15286624203821655
0 0.04635416666666667 0.39490445859872614 0.005208333333333333 0.06369426751592357
0 0.13828125 0.40764331210191085 0.0546875 0.10191082802547771
0 0.14088541666666668 0.4012738853503185 0.005729166666666666 0.20382165605095542
0 0.15598958333333332 0.40764331210191085 0.019270833333333334 0.10191082802547771
0 0.19401041666666666 0.410828025477707 0.0171875 0.05732484076433121
0 0.28203125 0.42038216560509556 0.0328125 0.07643312101910828
0 0.353125 0.4426751592356688 0.005208333333333333 0.03184713375796178
0 0.4518229166666667 0.40445859872611467 0.0067708333333333336 0.08280254777070063
0 0.4752604166666667 0.42038216560509556 0.0036458333333333334 0.06369426751592357
0 0.49270833333333336 0.42038216560509556 0.023958333333333335 0.07643312101910828
0 0.04140625 0.4554140127388535 0.015104166666666667 0.18471337579617833
0 0.06979166666666667 0.4681528662420382 0.0125 0.1464968152866242
0 0.12421875 0.5254777070063694 0.0265625 0.03184713375796178
0 0.26067708333333334 0.5254777070063694 0.0026041666666666665 0.01910828025477707
0 0.33098958333333334 0.5254777070063694 0.0026041666666666665 0.01910828025477707
0 0.42083333333333334 0.4968152866242038 0.03229166666666667 0.10191082802547771
0 0.46380208333333334 0.4840764331210191 0.030729166666666665 0.14012738853503184
0 0.11510416666666666 0.5605095541401274 0.008333333333333333 0.15286624203821655
0 0.13385416666666666 0.5605095541401274 0.022916666666666665 0.15286624203821655
0 0.15104166666666666 0.5573248407643312 0.005208333333333333 0.05732484076433121
0 0.16458333333333333 0.5668789808917197 0.015625 0.07643312101910828
0 0.17552083333333332 0.5573248407643312 0.0020833333333333333 0.01910828025477707
0 0.26067708333333334 0.589171974522293 0.0026041666666666665 0.01910828025477707
0 0.30130208333333336 0.5573248407643312 0.0036458333333333334 0.05732484076433121
0 0.30911458333333336 0.5700636942675159 0.005729166666666666 0.07006369426751592
0 0.33098958333333334 0.589171974522293 0.0026041666666666665 0.01910828025477707
0 0.4734375 0.5605095541401274 0.009375 0.15286624203821655
0 0.4921875 0.5668789808917197 0.021875 0.07643312101910828
0 0.013541666666666667 0.6369426751592356 0.019791666666666666 0.07643312101910828
0 0.041666666666666664 0.6273885350318471 0.030208333333333334 0.05732484076433121
0 0.06979166666666667 0.6273885350318471 0.014583333333333334 0.05732484076433121
0 0.09505208333333333 0.6273885350318471 0.025520833333333333 0.05732484076433121
0 0.11536458333333334 0.6751592356687898 0.0026041666666666665 0.03821656050955414
0 0.26067708333333334 0.6719745222929936 0.0026041666666666665 0.01910828025477707
0 0.33098958333333334 0.6719745222929936 0.0026041666666666665 0.01910828025477707
0 0.35234375 0.6273885350318471 0.021354166666666667 0.05732484076433121
0 0.37994791666666666 0.6369426751592356 0.024479166666666666 0.07643312101910828
0 0.40598958333333335 0.6273885350318471 0.021354166666666667 0.05732484076433121
0 0.43020833333333336 0.6273885350318471 0.019791666666666666 0.05732484076433121
0 0.46171875 0.643312101910828 0.0265625 0.08917197452229299
0 0.01328125 0.7292993630573248 0.0026041666666666665 0.01910828025477707
0 0.04192708333333333 0.7292993630573248 0.0026041666666666665 0.01910828025477707
0 0.06953125 0.7292993630573248 0.0026041666666666665 0.01910828025477707
0 0.09505208333333333 0.7292993630573248 0.0026041666666666665 0.01910828025477707
0 0.1140625 0.7133757961783439 0.00625 0.050955414012738856
0 0.14505208333333333 0.7133757961783439 0.05572916666666667 0.07643312101910828
0 0.15052083333333333 0.7006369426751592 0.00625 0.17834394904458598
0 0.16432291666666668 0.7133757961783439 0.0171875 0.07643312101910828
0 0.26067708333333334 0.7356687898089171 0.0026041666666666665 0.01910828025477707
0 0.30572916666666666 0.7133757961783439 0.0125 0.07643312101910828
0 0.33098958333333334 0.7356687898089171 0.0026041666666666665 0.01910828025477707
0 0.4552083333333333 0.7292993630573248 0.023958333333333335 0.05732484076433121
0 0.4744791666666667 0.7006369426751592 0.00625 0.17834394904458598
0 0.48984375 0.697452229299363 0.027604166666666666 0.07006369426751592
0 0.075 0.8535031847133758 0.011458333333333333 0.050955414012738856
0 0.08619791666666667 0.8598726114649682 0.005729166666666666 0.03821656050955414
0 0.09791666666666667 0.8662420382165605 0.0125 0.050955414012738856
0 0.17838541666666666 0.856687898089172 0.0036458333333333334 0.044585987261146494
0 0.2559895833333333 0.8598726114649682 0.0296875 0.06369426751592357
0 0.33359375 0.856687898089172 0.0036458333333333334 0.044585987261146494
0 0.42604166666666665 0.8598726114649682 0.026041666666666668 0.06369426751592357
