0 0.08519793459552495 0.12080536912751678 0.08089500860585198 0.02237136465324385
0 0.05938037865748709 0.1789709172259508 0.029259896729776247 0.02237136465324385
0 0.15576592082616178 0.24384787472035793 0.06712564543889846 0.02237136465324385
0 0.17986230636833048 0.348993288590604 0.1153184165232358 0.02237136465324385
0 0.17900172117039587 0.6633109619686801 0.11015490533562823 0.024608501118568233
0 0.3864027538726334 0.6353467561521253 0.1153184165232358 0.02237136465324385
0 0.5955249569707401 0.1789709172259508 0.06196213425129088 0.02237136465324385
0 0.7039586919104991 0.22371364653243847 0.06540447504302926 0.02237136465324385
0 0.7564543889845095 0.22371364653243847 0.025817555938037865 0.013422818791946308
0 0.7831325301204819 0.2214765100671141 0.013769363166953529 0.017897091722595078
0 0.8287435456110155 0.2203579418344519 0.06368330464716007 0.020134228187919462
0 0.7030981067125646 0.2505592841163311 0.09122203098106713 0.017897091722595078
0 0.7667814113597247 0.25279642058165547 0.022375215146299483 0.013422818791946308
0 0.814974182444062 0.2505592841163311 0.060240963855421686 0.017897091722595078
0 0.8631669535283993 0.2505592841163311 0.022375215146299483 0.017897091722595078
0 0.6824440619621343 0.2796420581655481 0.07401032702237521 0.017897091722595078
0 0.7469879518072289 0.2841163310961969 0.04130808950086059 0.017897091722595078
0 0.8158347676419966 0.28187919463087246 0.08605851979345955 0.02237136465324385
0 0.8769363166953529 0.2796420581655481 0.022375215146299483 0.017897091722595078
0 0.7693631669535284 0.3087248322147651 0.07917383820998279 0.017897091722595078
0 0.310671256454389 0.680089485458613 0.07401032702237521 0.02237136465324385
0 0.31669535283993117 0.7315436241610739 0.04130808950086059 0.02237136465324385
0 0.6230636833046471 0.7986577181208053 0.09982788296041308 0.02237136465324385
0 0.621342512908778 0.8657718120805369 0.09982788296041308 0.017897091722595078
