0 0.07660455486542443 0.08409506398537477 0.07039337474120083 0.018281535648994516
0 0.12939958592132506 0.08226691042047532 0.018633540372670808 0.014625228519195612
0 0.20910973084886128 0.08409506398537477 0.12422360248447205 0.018281535648994516
0 0.08281573498964803 0.12888482632541134 0.08281573498964803 0.016453382084095063
0 0.12629399585921325 0.17550274223034734 0.13250517598343686 0.018281535648994516
0 0.19668737060041408 0.1736745886654479 0.012422360248447204 0.051188299817184646
0 0.09627329192546584 0.22120658135283364 0.07246376811594203 0.018281535648994516
0 0.2122153209109731 0.2202925045703839 0.14285714285714285 0.02010968921389397
0 0.2836438923395445 0.21755027422303475 0.012422360248447204 0.051188299817184646
0 0.10559006211180125 0.506398537477148 0.12422360248447205 0.018281535648994516
0 0.09523809523809523 0.5484460694698354 0.07039337474120083 0.018281535648994516
0 0.09006211180124224 0.5914076782449725 0.060041407867494824 0.02010968921389397
0 0.34368530020703936 0.22120658135283364 0.062111801242236024 0.018281535648994516
0 0.39544513457556935 0.21937842778793418 0.024844720496894408 0.014625228519195612
0 0.43995859213250516 0.21937842778793418 0.051759834368530024 0.014625228519195612
0 0.5807453416149069 0.21846435100548445 0.026915113871635612 0.02376599634369287
0 0.6490683229813664 0.22120658135283364 0.09316770186335403 0.018281535648994516
0 0.7349896480331263 0.21846435100548445 0.062111801242236024 0.016453382084095063
0 0.32298136645962733 0.546617915904936 0.024844720496894408 0.014625228519195612
0 0.35196687370600416 0.546617915904936 0.024844720496894408 0.051188299817184646
0 0.33747412008281574 0.5923217550274223 0.053830227743271224 0.018281535648994516
0 0.40683229813664595 0.5895795246800731 0.010351966873706004 0.02010968921389397
0 0.11076604554865424 0.6307129798903108 0.026915113871635612 0.014625228519195612
0 0.15010351966873706 0.6343692870201096 0.035196687370600416 0.014625228519195612
0 0.2122153209109731 0.6325411334552102 0.07660455486542443 0.018281535648994516
0 0.30434782608695654 0.6325411334552102 0.09109730848861283 0.018281535648994516
0 0.38509316770186336 0.6307129798903108 0.053830227743271224 0.014625228519195612
0 0.4337474120082816 0.6307129798903108 0.026915113871635612 0.014625228519195612
0 0.5217391304347826 0.6325411334552102 0.13250517598343686 0.018281535648994516
0 0.6097308488612836 0.6307129798903108 0.026915113871635612 0.014625228519195612
0 0.6614906832298136 0.629798903107861 0.060041407867494824 0.016453382084095063
0 0.722567287784679 0.6325411334552102 0.045548654244306416 0.018281535648994516
0 0.07867494824016563 0.7093235831809872 0.07453416149068323 0.018281535648994516
