0 0.027083333333333334 0.02546296296296296 0.04375 0.037037037037037035
0 0.08072916666666667 0.02546296296296296 0.016666666666666666 0.037037037037037035
0 0.37916666666666665 0.027777777777777776 0.03854166666666667 0.05555555555555555
0 0.40572916666666664 0.028935185185185185 0.008333333333333333 0.020833333333333332
0 0.42473958333333334 0.028935185185185185 0.0234375 0.020833333333333332
0 0.4427083333333333 0.028935185185185185 0.005208333333333333 0.020833333333333332
0 0.45859375 0.027777777777777776 0.021354166666666667 0.05555555555555555
0 0.475 0.028935185185185185 0.005208333333333333 0.020833333333333332
0 0.4822916666666667 0.028935185185185185 0.003125 0.020833333333333332
0 0.4984375 0.03009259259259259 0.022916666666666665 0.018518518518518517
0 0.5307291666666667 0.032407407407407406 0.03333333333333333 0.027777777777777776
0 0.5588541666666667 0.03125 0.016666666666666666 0.02546296296296296
0 0.5734375 0.028935185185185185 0.00625 0.020833333333333332
0 0.5979166666666667 0.027777777777777776 0.036458333333333336 0.05555555555555555
0 0.6197916666666666 0.03125 0.0010416666666666667 0.0023148148148148147
0 0.63125 0.028935185185185185 0.011458333333333333 0.020833333333333332
0 0.9315104166666667 0.02546296296296296 0.0036458333333333334 0.023148148148148147
0 0.015104166666666667 0.08680555555555555 0.020833333333333332 0.020833333333333332
0 0.0515625 0.08680555555555555 0.023958333333333335 0.020833333333333332
0 0.09427083333333333 0.08680555555555555 0.030208333333333334 0.020833333333333332
0 0.13984375 0.08680555555555555 0.028645833333333332 0.020833333333333332
0 0.18125 0.08680555555555555 0.021875 0.020833333333333332
0 0.20182291666666666 0.08680555555555555 0.0140625 0.020833333333333332
0 0.2421875 0.08680555555555555 0.034375 0.020833333333333332
0 0.29583333333333334 0.08680555555555555 0.041666666666666664 0.020833333333333332
0 0.3453125 0.08680555555555555 0.025 0.020833333333333332
0 0.3893229166666667 0.08680555555555555 0.03177083333333333 0.020833333333333332
0 0.4434895833333333 0.08680555555555555 0.044270833333333336 0.020833333333333332
0 0.496875 0.08680555555555555 0.03125 0.020833333333333332
0 0.5104166666666666 0.08449074074074074 0.007291666666666667 0.07175925925925926
0 0.03671875 0.16666666666666666 0.05677083333333333 0.06481481481481481
0 0.13854166666666667 0.16782407407407407 0.115625 0.07175925925925926
0 0.16640625 0.17476851851851852 0.011979166666666667 0.10416666666666667
0 0.21744791666666666 0.16666666666666666 0.011979166666666667 0.06018518518518518
0 0.2752604166666667 0.17592592592592593 0.0036458333333333334 0.09722222222222222
0 0.37421875 0.16898148148148148 0.06302083333333333 0.06944444444444445
0 0.43385416666666665 0.1597222222222222 0.015625 0.06018518518518518
0 0.48151041666666666 0.16550925925925927 0.0328125 0.0625
0 0.51796875 0.16550925925925927 0.0109375 0.0625
0 0.5768229166666666 0.16666666666666666 0.008854166666666666 0.05092592592592592
0 0.6041666666666666 0.16782407407407407 0.010416666666666666 0.05787037037037037
0 0.6265625 0.1527777777777778 0.007291666666666667 0.037037037037037035
0 0.6651041666666667 0.14814814814814814 0.04375 0.037037037037037035
0 0.7377604166666667 0.16666666666666666 0.013020833333333334 0.05555555555555555
0 0.9690104166666667 0.08449074074074074 0.028645833333333332 0.020833333333333332
0 0.546875 0.15625 0.004166666666666667 0.020833333333333332
0 0.014322916666666666 0.23148148148148148 0.021354166666666667 0.027777777777777776
0 0.037760416666666664 0.23148148148148148 0.013020833333333334 0.027777777777777776
0 0.059895833333333336 0.22800925925925927 0.019791666666666666 0.020833333333333332
0 0.08776041666666666 0.22800925925925927 0.021354166666666667 0.020833333333333332
0 0.11588541666666667 0.23148148148148148 0.019270833333333334 0.027777777777777776
0 0.13932291666666666 0.23148148148148148 0.019270833333333334 0.027777777777777776
0 0.16328125 0.22800925925925927 0.019270833333333334 0.020833333333333332
0 0.18854166666666666 0.22800925925925927 0.023958333333333335 0.020833333333333332
0 0.21796875 0.23148148148148148 0.027604166666666666 0.027777777777777776
0 0.24583333333333332 0.2326388888888889 0.019791666666666666 0.02546296296296296
0 0.2953125 0.23148148148148148 0.005208333333333333 0.013888888888888888
0 0.3190104166666667 0.22800925925925927 0.0109375 0.020833333333333332
0 0.35 0.22800925925925927 0.010416666666666666 0.020833333333333332
0 0.3765625 0.23148148148148148 0.016666666666666666 0.027777777777777776
0 0.3984375 0.22800925925925927 0.017708333333333333 0.020833333333333332
0 0.434375 0.22800925925925927 0.0375 0.020833333333333332
0 0.4703125 0.22800925925925927 0.008333333333333333 0.020833333333333332
0 0.49270833333333336 0.22800925925925927 0.019791666666666666 0.020833333333333332
0 0.5182291666666666 0.22800925925925927 0.021875 0.020833333333333332
0 0.5455729166666666 0.22800925925925927 0.0140625 0.020833333333333332
0 0.5578125 0.22800925925925927 0.00625 0.020833333333333332
0 0.57734375 0.22453703703703703 0.0265625 0.06018518518518518
0 0.6059895833333333 0.22453703703703703 0.021354166666666667 0.06018518518518518
0 0.6299479166666667 0.21412037037037038 0.0203125 0.08101851851851852
0 0.6466145833333333 0.2013888888888889 0.0036458333333333334 0.037037037037037035
0 0.6598958333333333 0.2025462962962963 0.011458333333333333 0.020833333333333332
0 0.6700520833333333 0.2037037037037037 0.0046875 0.018518518518518517
0 0.6822916666666666 0.2025462962962963 0.014583333333333334 0.020833333333333332
0 0.7111979166666667 0.23148148148148148 0.0234375 0.027777777777777776
0 0.73828125 0.23148148148148148 0.0234375 0.027777777777777776
0 0.014322916666666666 0.26851851851851855 0.019270833333333334 0.027777777777777776
0 0.0375 0.27199074074074076 0.016666666666666666 0.020833333333333332
0 0.06015625 0.27199074074074076 0.013020833333333334 0.020833333333333332
0 0.08828125 0.2650462962962963 0.0026041666666666665 0.006944444444444444
0 0.13984375 0.26851851851851855 0.021354166666666667 0.027777777777777776
0 0.16328125 0.2650462962962963 0.0026041666666666665 0.006944444444444444
0 0.29322916666666665 0.26851851851851855 0.0020833333333333333 0.013888888888888888
0 0.3171875 0.26851851851851855 0.020833333333333332 0.027777777777777776
0 0.33307291666666666 0.26273148148148145 0.0015625 0.0625
0 0.35 0.26851851851851855 0.028125 0.027777777777777776
0 0.4703125 0.2650462962962963 0.014583333333333334 0.020833333333333332
0 0.49296875 0.27199074074074076 0.0171875 0.020833333333333332
0 0.5184895833333333 0.26851851851851855 0.025520833333333333 0.027777777777777776
0 0.5497395833333333 0.2662037037037037 0.0171875 0.018518518518518517
0 0.57734375 0.2650462962962963 0.0026041666666666665 0.006944444444444444
0 0.6049479166666667 0.2650462962962963 0.0026041666666666665 0.006944444444444444
0 0.6299479166666667 0.2650462962962963 0.0026041666666666665 0.006944444444444444
0 0.6609375 0.25925925925925924 0.014583333333333334 0.027777777777777776
0 0.6747395833333333 0.25578703703703703 0.0026041666666666665 0.006944444444444444
0 0.73828125 0.2650462962962963 0.0026041666666666665 0.006944444444444444
0 0.036458333333333336 0.3125 0.014583333333333334 0.023148148148148147
0 0.09036458333333333 0.3101851851851852 0.022395833333333334 0.0787037037037037
0 0.10729166666666666 0.3101851851851852 0.00625 0.0787037037037037
0 0.12421875 0.3101851851851852 0.022395833333333334 0.0787037037037037
0 0.19244791666666666 0.3125 0.008854166666666666 0.013888888888888888
0 0.28098958333333335 0.3125 0.0328125 0.023148148148148147
0 0.32447916666666665 0.3194444444444444 0.030208333333333334 0.041666666666666664
0 0.371875 0.3101851851851852 0.0125 0.018518518518518517
0 0.4296875 0.32060185185185186 0.04583333333333333 0.03935185185185185
0 0.47760416666666666 0.3194444444444444 0.025 0.041666666666666664
0 0.4981770833333333 0.3125 0.0109375 0.023148148148148147
0 0.5091145833333334 0.3101851851851852 0.005729166666666666 0.018518518518518517
0 0.5208333333333334 0.3148148148148148 0.0125 0.018518518518518517
0 0.6075520833333333 0.32060185185185186 0.027604166666666666 0.03935185185185185
0 0.7244791666666667 0.3125 0.023958333333333335 0.023148148148148147
0 0.12786458333333334 0.38773148148148145 0.09739583333333333 0.08101851851851852
0 0.28880208333333335 0.3784722222222222 0.05572916666666667 0.04861111111111111
0 0.32734375 0.36342592592592593 0.016145833333333335 0.06481481481481481
0 0.38125 0.37037037037037035 0.08333333333333333 0.09722222222222222
0 0.43359375 0.375 0.011979166666666667 0.041666666666666664
0 0.4484375 0.375 0.009375 0.041666666666666664
0 0.47942708333333334 0.36342592592592593 0.0453125 0.06481481481481481
0 0.5205729166666667 0.3784722222222222 0.028645833333333332 0.04861111111111111
0 0.5440104166666667 0.36342592592592593 0.008854166666666666 0.06481481481481481
0 0.5752604166666667 0.3773148148148148 0.0453125 0.037037037037037035
0 0.6140625 0.375 0.023958333333333335 0.041666666666666664
0 0.6463541666666667 0.3819444444444444 0.03229166666666667 0.05555555555555555
0 0.09765625 0.4537037037037037 0.03697916666666667 0.037037037037037035
0 0.1484375 0.4537037037037037 0.05625 0.037037037037037035
0 0.28671875 0.4444444444444444 0.0515625 0.041666666666666664
0 0.321875 0.4444444444444444 0.009375 0.041666666666666664
0 0.3580729166666667 0.44907407407407407 0.05572916666666667 0.05092592592592592
0 0.39765625 0.4444444444444444 0.0140625 0.041666666666666664
0 0.43645833333333334 0.4513888888888889 0.05625 0.027777777777777776
0 0.49505208333333334 0.4444444444444444 0.05260416666666667 0.041666666666666664
0 0.5471354166666667 0.4537037037037037 0.043229166666666666 0.05092592592592592
0 0.5825520833333333 0.4444444444444444 0.019270833333333334 0.041666666666666664
0 0.6182291666666667 0.4444444444444444 0.04375 0.041666666666666664
0 0.65078125 0.4513888888888889 0.013020833333333334 0.027777777777777776
0 0.12786458333333334 0.5196759259259259 0.09739583333333333 0.08101851851851852
0 0.2838541666666667 0.5208333333333334 0.04583333333333333 0.05555555555555555
0 0.3229166666666667 0.5277777777777778 0.025 0.041666666666666664
0 0.34375 0.5138888888888888 0.009375 0.041666666666666664
0 0.37395833333333334 0.5208333333333334 0.042708333333333334 0.05555555555555555
0 0.4432291666666667 0.5208333333333334 0.0875 0.05555555555555555
0 0.5005208333333333 0.5162037037037037 0.017708333333333333 0.037037037037037035
0 0.12786458333333334 0.5856481481481481 0.09739583333333333 0.037037037037037035
0 0.12786458333333334 0.6296296296296297 0.09739583333333333 0.037037037037037035
0 0.12786458333333334 0.6736111111111112 0.09739583333333333 0.037037037037037035
0 0.28229166666666666 0.7002314814814815 0.04479166666666667 0.0625
0 0.08307291666666666 0.7337962962962963 0.0067708333333333336 0.027777777777777776
0 0.11744791666666667 0.7349537037037037 0.0484375 0.02546296296296296
0 0.11666666666666667 0.7291666666666666 0.005208333333333333 0.0787037037037037
0 0.13177083333333334 0.7349537037037037 0.019791666666666666 0.02546296296296296
0 0.08359375 0.7881944444444444 0.0078125 0.034722222222222224
0 0.12005208333333334 0.7905092592592593 0.05260416666666667 0.02546296296296296
0 0.12109375 0.7835648148148148 0.0046875 0.0763888888888889
0 0.13619791666666667 0.7905092592592593 0.0203125 0.02546296296296296
0 0.08255208333333333 0.8958333333333334 0.0067708333333333336 0.027777777777777776
0 0.2747395833333333 0.8692129629629629 0.027604166666666666 0.03935185185185185
0 0.30755208333333334 0.875 0.030729166666666665 0.05555555555555555
0 0.3377604166666667 0.8680555555555556 0.021354166666666667 0.041666666666666664
0 0.35546875 0.8680555555555556 0.005729166666666666 0.041666666666666664
0 0.38515625 0.875 0.04635416666666667 0.05555555555555555
0 0.41901041666666666 0.8680555555555556 0.0140625 0.041666666666666664
0 0.453125 0.875 0.04583333333333333 0.05555555555555555
0 0.5244791666666667 0.875 0.0875 0.05555555555555555
0 0.575 0.8680555555555556 0.005208333333333333 0.041666666666666664
0 0.61171875 0.875 0.059895833333333336 0.05555555555555555
0 0.6528645833333333 0.8680555555555556 0.0140625 0.041666666666666664
0 0.08567708333333333 0.9074074074074074 0.0036458333333333334 0.023148148148148147
0 0.11484375 0.9016203703703703 0.043229166666666666 0.02546296296296296
0 0.11614583333333334 0.8981481481481481 0.004166666666666667 0.06944444444444445
0 0.12864583333333332 0.9016203703703703 0.015625 0.02546296296296296
0 0.1453125 0.8993055555555556 0.0125 0.020833333333333332
0 0.2872395833333333 0.9201388888888888 0.0015625 0.006944444444444444
0 0.2986979166666667 0.9189814814814815 0.0015625 0.004629629629629629
0 0.32526041666666666 0.9212962962962963 0.0015625 0.009259259259259259
0 0.36302083333333335 0.9189814814814815 0.0010416666666666667 0.004629629629629629
0 0.42864583333333334 0.9212962962962963 0.040625 0.009259259259259259
0 0.5989583333333334 0.9189814814814815 0.0010416666666666667 0.004629629629629629
0 0.08307291666666666 0.9560185185185185 0.0067708333333333336 0.027777777777777776
0 0.11614583333333334 0.9583333333333334 0.04583333333333333 0.027777777777777776
0 0.18072916666666666 0.9548611111111112 0.0020833333333333333 0.016203703703703703
0 0.28619791666666666 0.9467592592592593 0.050520833333333334 0.05092592592592592
0 0.35208333333333336 0.9444444444444444 0.07395833333333333 0.05555555555555555
0 0.39817708333333335 0.9398148148148148 0.008854166666666666 0.037037037037037035
0 0.40963541666666664 0.9444444444444444 0.005729166666666666 0.027777777777777776
0 0.44869791666666664 0.9375 0.06510416666666667 0.041666666666666664
0 0.4921875 0.9375 0.014583333333333334 0.041666666666666664
0 0.5221354166666666 0.9375 0.03802083333333333 0.041666666666666664
0 0.5890625 0.9444444444444444 0.0875 0.05555555555555555
0 0.6419270833333334 0.9398148148148148 0.008854166666666666 0.037037037037037035
0 0.6518229166666667 0.9606481481481481 0.0015625 0.013888888888888888
0 0.66171875 0.9375 0.008854166666666666 0.041666666666666664
0 0.6786458333333333 0.9444444444444444 0.016666666666666666 0.027777777777777776
