0 0.2421875 0.12062256809338522 0.2265625 0.023346303501945526
0 0.244140625 0.14883268482490272 0.078125 0.021400778210116732
0 0.24462890625 0.17412451361867703 0.0068359375 0.021400778210116732
0 0.24462890625 0.20038910505836577 0.0068359375 0.01556420233463035
0 0.24462890625 0.2237354085603113 0.0068359375 0.01556420233463035
0 0.24462890625 0.245136186770428 0.0068359375 0.01556420233463035
0 0.24462890625 0.26848249027237353 0.0068359375 0.01556420233463035
0 0.24462890625 0.311284046692607 0.0068359375 0.01556420233463035
0 0.24462890625 0.3326848249027237 0.0068359375 0.01556420233463035
0 0.24462890625 0.3560311284046693 0.0068359375 0.01556420233463035
0 0.1435546875 0.28793774319066145 0.0859375 0.019455252918287938
