0 0.09183673469387756 0.06205250596658711 0.15160349854227406 0.028639618138424822
0 0.9446064139941691 0.05847255369928401 0.09329446064139942 0.0405727923627685
0 0.0575801749271137 0.20763723150357996 0.05102040816326531 0.06205250596658711
0 0.13848396501457727 0.20763723150357996 0.08746355685131195 0.06205250596658711
0 0.09985422740524781 0.27684964200477324 0.033527696793002916 0.04295942720763723
0 0.14358600583090378 0.27804295942720764 0.03644314868804665 0.0405727923627685
0 0.07580174927113703 0.35918854415274465 0.061224489795918366 0.050119331742243436
0 0.14504373177842567 0.3532219570405728 0.016034985422740525 0.04295942720763723
0 0.05612244897959184 0.4295942720763723 0.013119533527696793 0.04295942720763723
0 0.12317784256559766 0.42840095465393796 0.07142857142857142 0.045346062052505964
0 0.056851311953352766 0.5059665871121718 0.026239067055393587 0.04295942720763723
0 0.12463556851311954 0.5119331742243437 0.07434402332361516 0.05489260143198091
0 0.4067055393586006 0.38902147971360385 0.03206997084548105 0.26730310262529833
0 0.4103498542274053 0.4105011933174224 0.05102040816326531 0.05250596658711217
0 0.4103498542274053 0.3436754176610978 0.05102040816326531 0.057279236276849645
0 0.4103498542274053 0.27088305489260145 0.05102040816326531 0.050119331742243436
0 0.44970845481049565 0.39856801909307876 0.030612244897959183 0.28162291169451076
0 0.45335276967930027 0.36634844868735084 0.04956268221574344 0.05489260143198091
0 0.45335276967930027 0.28162291169451076 0.04956268221574344 0.06205250596658711
0 0.5816326530612245 0.27804295942720764 0.03498542274052478 0.0405727923627685
0 0.5816326530612245 0.35918854415274465 0.029154518950437316 0.031026252983293555
0 0.5816326530612245 0.4307875894988067 0.023323615160349854 0.0405727923627685
0 0.6253644314868805 0.46539379474940334 0.04664723032069971 0.12410501193317422
0 0.6253644314868805 0.31861575178997614 0.04664723032069971 0.13126491646778043
0 0.6705539358600583 0.5190930787589498 0.03498542274052478 0.026252983293556086
0 0.6698250728862973 0.36754176610978523 0.03935860058309038 0.22911694510739858
0 0.674198250728863 0.28042959427207637 0.06268221574344024 0.07875894988066826
0 0.7565597667638484 0.4964200477326969 0.04664723032069971 0.07159904534606205
0 0.7558309037900874 0.4200477326968974 0.018950437317784258 0.00954653937947494
0 0.7572886297376094 0.31861575178997614 0.033527696793002916 0.12171837708830549
0 0.8010204081632653 0.3926014319809069 0.03935860058309038 0.26968973747016706
0 0.8010204081632653 0.3532219570405728 0.05102040816326531 0.02386634844868735
0 0.8010204081632653 0.2863961813842482 0.05102040816326531 0.07159904534606205
0 0.8432944606413995 0.3520286396181384 0.027696793002915453 0.021479713603818614
0 0.4934402332361516 0.3926014319809069 0.030612244897959183 0.26968973747016706
0 0.2747813411078717 0.27684964200477324 0.027696793002915453 0.04295942720763723
0 0.2747813411078717 0.35799522673031026 0.033527696793002916 0.03341288782816229
0 0.2762390670553936 0.5071599045346062 0.033527696793002916 0.0405727923627685
0 0.1880466472303207 0.39618138424821003 0.04081632653061224 0.2863961813842482
0 0.18877551020408162 0.3496420047732697 0.05393586005830904 0.045346062052505964
0 0.18877551020408162 0.2649164677804296 0.05393586005830904 0.03818615751789976
0 0.23396501457725946 0.28162291169451076 0.04518950437317784 0.10023866348448687
0 0.7142857142857143 0.26968973747016706 0.04081632653061224 0.057279236276849645
0 0.23396501457725946 0.3568019093078759 0.03644314868804665 0.07398568019093078
0 0.7128279883381924 0.34844868735083534 0.01749271137026239 0.03818615751789976
0 0.2325072886297376 0.4295942720763723 0.027696793002915453 0.04295942720763723
0 0.7128279883381924 0.4307875894988067 0.02040816326530612 0.0405727923627685
0 0.2325072886297376 0.513126491646778 0.030612244897959183 0.10023866348448687
0 0.7135568513119533 0.5107398568019093 0.03935860058309038 0.05250596658711217
0 0.36370262390670555 0.36992840095465396 0.027696793002915453 0.33890214797136037
0 0.3673469387755102 0.36754176610978523 0.04664723032069971 0.0477326968973747
0 0.36370262390670555 0.26014319809069214 0.027696793002915453 0.11933174224343675
0 0.07142857142857142 0.5930787589498807 0.07580174927113703 0.021479713603818614
0 0.14650145772594753 0.5954653937947494 0.06268221574344024 0.026252983293556086
0 0.2230320699708455 0.5954653937947494 0.08163265306122448 0.026252983293556086
0 0.2988338192419825 0.5930787589498807 0.05830903790087463 0.021479713603818614
0 0.32871720116618075 0.5966587112171837 0.01020408163265306 0.06682577565632458
0 0.4744897959183674 0.6610978520286396 0.8556851311953353 0.05250596658711217
0 0.3294460641399417 0.6599045346062052 0.03498542274052478 0.07398568019093078
0 0.37244897959183676 0.6599045346062052 0.030612244897959183 0.07398568019093078
0 0.43658892128279886 0.6599045346062052 0.07725947521865889 0.07398568019093078
0 0.5021865889212828 0.6599045346062052 0.03644314868804665 0.07398568019093078
0 0.6129737609329446 0.6599045346062052 0.16763848396501457 0.07398568019093078
0 0.7244897959183674 0.6599045346062052 0.03498542274052478 0.07398568019093078
0 0.8301749271137027 0.6599045346062052 0.15597667638483964 0.07398568019093078
0 0.048833819241982504 0.7398568019093079 0.030612244897959183 0.01909307875894988
0 0.1129737609329446 0.733890214797136 0.07434402332361516 0.07875894988066826
0 0.07434402332361516 0.7875894988066826 0.08454810495626822 0.02386634844868735
0 0.1326530612244898 0.7649164677804295 0.01749271137026239 0.0883054892601432
0 0.5233236151603499 0.766109785202864 0.037900874635568516 0.01909307875894988
0 0.5568513119533528 0.766109785202864 0.01749271137026239 0.01909307875894988
0 0.6231778425655977 0.7673031026252983 0.10058309037900874 0.026252983293556086
0 0.7026239067055393 0.7637231503579952 0.02040816326530612 0.07637231503579953
0 0.814868804664723 0.7673031026252983 0.17784256559766765 0.026252983293556086
0 0.9322157434402333 0.7637231503579952 0.013119533527696793 0.07637231503579953
0 0.9584548104956269 0.766109785202864 0.01020408163265306 0.00954653937947494
0 0.141399416909621 0.8329355608591885 0.22740524781341107 0.09069212410501193
0 0.543002915451895 0.8448687350835322 0.15597667638483964 0.01909307875894988
0 0.5349854227405247 0.8353221957040573 0.014577259475218658 0.09069212410501193
0 0.5860058309037901 0.8448687350835322 0.06997084548104957 0.01909307875894988
0 0.8068513119533528 0.9367541766109785 0.05102040816326531 0.026252983293556086
0 0.9293002915451894 0.9355608591885441 0.0597667638483965 0.01909307875894988
