0 0.12624378109452736 0.06517311608961303 0.08830845771144279 0.03665987780040733
0 0.18097014925373134 0.06517311608961303 0.006218905472636816 0.020366598778004074
0 0.5478855721393034 0.10896130346232179 0.13308457711442787 0.018329938900203666
0 0.6374378109452736 0.1109979633401222 0.006218905472636816 0.006109979633401222
0 0.6629353233830846 0.1109979633401222 0.014925373134328358 0.026476578411405296
0 0.6902985074626866 0.1109979633401222 0.009950248756218905 0.026476578411405296
0 0.7157960199004975 0.1109979633401222 0.018656716417910446 0.026476578411405296
0 0.7580845771144279 0.109979633401222 0.036069651741293535 0.03665987780040733
0 0.10820895522388059 0.17311608961303462 0.0472636815920398 0.024439918533604887
0 0.16791044776119404 0.17617107942973523 0.05970149253731343 0.034623217922606926
0 0.24191542288557213 0.17311608961303462 0.07338308457711443 0.024439918533604887
0 0.2904228855721393 0.17209775967413443 0.008706467661691543 0.026476578411405296
0 0.35509950248756217 0.17617107942973523 0.10572139303482588 0.034623217922606926
0 0.39614427860696516 0.17209775967413443 0.01616915422885572 0.059063136456211814
0 0.44340796019900497 0.17311608961303462 0.05845771144278607 0.024439918533604887
0 0.4944029850746269 0.1659877800407332 0.0012437810945273632 0.018329938900203666
0 0.5180348258706468 0.1659877800407332 0.008706467661691543 0.018329938900203666
0 0.5460199004975125 0.1680244399185336 0.009950248756218905 0.02240325865580448
0 0.5802238805970149 0.1670061099796334 0.033582089552238806 0.032586558044806514
0 0.6225124378109452 0.1690427698574338 0.033582089552238806 0.028513238289205704
0 0.7077114427860697 0.1670061099796334 0.03233830845771144 0.032586558044806514
0 0.7543532338308457 0.1670061099796334 0.033582089552238806 0.020366598778004074
0 0.7991293532338308 0.17311608961303462 0.03109452736318408 0.024439918533604887
0 0.8264925373134329 0.17209775967413443 0.008706467661691543 0.026476578411405296
0 0.12002487562189054 0.21690427698574338 0.0708955223880597 0.026476578411405296
0 0.16977611940298507 0.21690427698574338 0.01616915422885572 0.026476578411405296
0 0.21082089552238806 0.2209775967413442 0.053482587064676616 0.034623217922606926
0 0.25497512437810943 0.21690427698574338 0.01990049751243781 0.026476578411405296
0 0.34266169154228854 0.2209775967413442 0.14054726368159204 0.034623217922606926
0 0.43159203980099503 0.21690427698574338 0.022388059701492536 0.026476578411405296
0 0.48569651741293535 0.2209775967413442 0.07338308457711443 0.034623217922606926
0 0.6019900497512438 0.2189409368635438 0.14427860696517414 0.03054989816700611
0 0.6840796019900498 0.2209775967413442 0.0024875621890547263 0.018329938900203666
0 0.7052238805970149 0.21690427698574338 0.024875621890547265 0.026476578411405296
0 0.7587064676616916 0.21690427698574338 0.06965174129353234 0.026476578411405296
0 0.8103233830845771 0.21690427698574338 0.021144278606965175 0.026476578411405296
0 0.1318407960199005 0.26272912423625255 0.0945273631840796 0.032586558044806514
0 0.19962686567164178 0.25967413441955195 0.0236318407960199 0.026476578411405296
0 0.2904228855721393 0.2637474541751528 0.14303482587064675 0.034623217922606926
0 0.3793532338308458 0.25967413441955195 0.01990049751243781 0.026476578411405296
0 0.4048507462686567 0.25967413441955195 0.01616915422885572 0.026476578411405296
0 0.4458955223880597 0.25967413441955195 0.053482587064676616 0.026476578411405296
0 0.4900497512437811 0.26272912423625255 0.017412935323383085 0.028513238289205704
0 0.5385572139303483 0.26476578411405294 0.0472636815920398 0.024439918533604887
0 0.7027363184079602 0.2637474541751528 0.012437810945273632 0.018329938900203666
0 0.7437810945273632 0.2637474541751528 0.05472636815920398 0.034623217922606926
0 0.12935323383084577 0.3044806517311609 0.08955223880597014 0.026476578411405296
0 0.1884328358208955 0.3044806517311609 0.01616915422885572 0.026476578411405296
0 0.2506218905472637 0.3054989816700611 0.09577114427860696 0.028513238289205704
0 0.31840796019900497 0.3044806517311609 0.024875621890547265 0.026476578411405296
0 0.3849502487562189 0.3085539714867617 0.09577114427860696 0.018329938900203666
0 0.4564676616915423 0.3085539714867617 0.03233830845771144 0.018329938900203666
0 0.4894278606965174 0.31160896130346233 0.018656716417910446 0.028513238289205704
0 0.5354477611940298 0.3136456211812627 0.043532338308457715 0.024439918533604887
0 0.7145522388059702 0.3044806517311609 0.036069651741293535 0.026476578411405296
0 0.7512437810945274 0.3085539714867617 0.022388059701492536 0.018329938900203666
0 0.12375621890547264 0.3513238289205703 0.07835820895522388 0.034623217922606926
0 0.19029850746268656 0.35539714867617106 0.04228855721393035 0.026476578411405296
0 0.22574626865671643 0.34725050916496947 0.01616915422885572 0.026476578411405296
0 0.27798507462686567 0.3513238289205703 0.07338308457711443 0.034623217922606926
0 0.39614427860696516 0.3513238289205703 0.15049751243781095 0.034623217922606926
0 0.5416666666666666 0.3625254582484725 0.053482587064676616 0.024439918533604887
0 0.5808457711442786 0.3594704684317719 0.017412935323383085 0.018329938900203666
0 0.621268656716418 0.3625254582484725 0.055970149253731345 0.024439918533604887
0 0.525497512437811 0.41446028513238287 0.026119402985074626 0.04684317718940937
0 0.12064676616915423 0.4653767820773931 0.07711442786069651 0.054989816700611
0 0.5360696517412935 0.47352342158859473 0.04228855721393035 0.02240325865580448
0 0.5516169154228856 0.5234215885947047 0.07338308457711443 0.024439918533604887
0 0.10820895522388059 0.5723014256619144 0.0472636815920398 0.024439918533604887
0 0.16417910447761194 0.575356415478615 0.05223880597014925 0.034623217922606926
0 0.21517412935323382 0.575356415478615 0.03731343283582089 0.018329938900203666
0 0.24564676616915423 0.5712830957230143 0.008706467661691543 0.026476578411405296
0 0.2966417910447761 0.575356415478615 0.07835820895522388 0.034623217922606926
0 0.35509950248756217 0.5712830957230143 0.0236318407960199 0.026476578411405296
0 0.4135572139303483 0.575356415478615 0.07835820895522388 0.034623217922606926
0 0.4651741293532338 0.5712830957230143 0.009950248756218905 0.026476578411405296
0 0.5186567164179104 0.5743380855397149 0.07711442786069651 0.032586558044806514
0 0.7164179104477612 0.5794297352342159 0.03980099502487562 0.026476578411405296
0 0.7543532338308457 0.5712830957230143 0.0236318407960199 0.026476578411405296
0 0.12748756218905472 0.620162932790224 0.08582089552238806 0.034623217922606926
0 0.24004975124378108 0.620162932790224 0.12686567164179105 0.034623217922606926
0 0.31902985074626866 0.6171079429735234 0.01616915422885572 0.024439918533604887
0 0.3383084577114428 0.6160896130346232 0.007462686567164179 0.026476578411405296
0 0.4116915422885572 0.6160896130346232 0.12189054726368159 0.026476578411405296
0 0.48072139303482586 0.615071283095723 0.021144278606965175 0.06517311608961303
0 0.5516169154228856 0.6252545824847251 0.07587064676616916 0.024439918533604887
0 0.6803482587064676 0.6221995926680245 0.004975124378109453 0.014256619144602852
0 0.7083333333333334 0.6242362525458248 0.0236318407960199 0.026476578411405296
0 0.7531094527363185 0.6160896130346232 0.048507462686567165 0.026476578411405296
0 0.7711442786069652 0.615071283095723 0.017412935323383085 0.06517311608961303
0 0.7991293532338308 0.620162932790224 0.028606965174129355 0.018329938900203666
0 0.12189054726368159 0.6588594704684317 0.07462686567164178 0.026476578411405296
0 0.17101990049751245 0.6588594704684317 0.008706467661691543 0.026476578411405296
0 0.22014925373134328 0.6588594704684317 0.07462686567164178 0.026476578411405296
0 0.27922885572139305 0.6588594704684317 0.028606965174129355 0.026476578411405296
0 0.3246268656716418 0.6588594704684317 0.0472636815920398 0.026476578411405296
0 0.4110696517412935 0.6629327902240326 0.11069651741293532 0.034623217922606926
0 0.4900497512437811 0.6720977596741344 0.01990049751243781 0.032586558044806514
0 0.5410447761194029 0.6731160896130346 0.05472636815920398 0.02240325865580448
0 0.7269900497512438 0.6588594704684317 0.041044776119402986 0.026476578411405296
0 0.7898009950248757 0.6588594704684317 0.06965174129353234 0.026476578411405296
0 0.7182835820895522 0.7067209775967414 0.043532338308457715 0.020366598778004074
0 0.7549751243781094 0.7036659877800407 0.014925373134328358 0.026476578411405296
0 0.7201492537313433 0.7505091649694501 0.0472636815920398 0.018329938900203666
0 0.7611940298507462 0.7464358452138493 0.01990049751243781 0.026476578411405296
0 0.7997512437810945 0.7474541751527495 0.04228855721393035 0.024439918533604887
0 0.10074626865671642 0.7077393075356415 0.03233830845771144 0.018329938900203666
0 0.13557213930348258 0.7036659877800407 0.01990049751243781 0.026476578411405296
0 0.19900497512437812 0.709775967413442 0.09203980099502487 0.03054989816700611
0 0.26430348258706465 0.7077393075356415 0.021144278606965175 0.018329938900203666
0 0.2922885572139303 0.7036659877800407 0.01990049751243781 0.026476578411405296
0 0.3619402985074627 0.7087576374745418 0.1044776119402985 0.032586558044806514
0 0.43594527363184077 0.7036659877800407 0.028606965174129355 0.026476578411405296
0 0.4633084577114428 0.7036659877800407 0.011194029850746268 0.026476578411405296
0 0.12126865671641791 0.7464358452138493 0.07587064676616916 0.026476578411405296
0 0.22450248756218905 0.7505091649694501 0.1181592039800995 0.034623217922606926
0 0.3177860696517413 0.7464358452138493 0.053482587064676616 0.026476578411405296
0 0.3725124378109453 0.7464358452138493 0.041044776119402986 0.026476578411405296
0 0.4079601990049751 0.7464358452138493 0.014925373134328358 0.026476578411405296
0 0.44527363184079605 0.7505091649694501 0.04477611940298507 0.034623217922606926
0 0.10945273631840796 0.7953156822810591 0.05223880597014925 0.034623217922606926
0 0.15982587064676618 0.7953156822810591 0.021144278606965175 0.018329938900203666
0 0.21952736318407962 0.7953156822810591 0.08333333333333333 0.034623217922606926
0 0.291044776119403 0.7912423625254582 0.04477611940298507 0.026476578411405296
0 0.35509950248756217 0.7953156822810591 0.07338308457711443 0.018329938900203666
0 0.43532338308457713 0.7912423625254582 0.07213930348258707 0.026476578411405296
0 0.75 0.7922606924643585 0.10696517412935323 0.028513238289205704
0 0.8252487562189055 0.7953156822810591 0.028606965174129355 0.034623217922606926
0 0.12748756218905472 0.8340122199592668 0.08582089552238806 0.026476578411405296
0 0.1685323383084577 0.8319755600814664 0.008706467661691543 0.06720977596741344
0 0.20149253731343283 0.8340122199592668 0.03980099502487562 0.026476578411405296
0 0.23694029850746268 0.8340122199592668 0.01616915422885572 0.026476578411405296
0 0.28171641791044777 0.835030549898167 0.05845771144278607 0.028513238289205704
0 0.3283582089552239 0.8340122199592668 0.01990049751243781 0.026476578411405296
0 0.40671641791044777 0.8340122199592668 0.12189054726368159 0.026476578411405296
0 0.7481343283582089 0.8391038696537678 0.12064676616915423 0.032586558044806514
0 0.10199004975124377 0.8869653767820774 0.03731343283582089 0.026476578411405296
0 0.13681592039800994 0.8788187372708758 0.014925373134328358 0.026476578411405296
0 0.21393034825870647 0.8828920570264766 0.12686567164179105 0.034623217922606926
0 0.29912935323383083 0.8828920570264766 0.028606965174129355 0.034623217922606926
0 0.36380597014925375 0.8788187372708758 0.08582089552238806 0.026476578411405296
0 0.4048507462686567 0.8767820773930753 0.011194029850746268 0.06720977596741344
0 0.43843283582089554 0.8788187372708758 0.041044776119402986 0.026476578411405296
0 0.47574626865671643 0.8716904276985743 0.018656716417910446 0.04073319755600815
0 0.5186567164179104 0.8828920570264766 0.05970149253731343 0.034623217922606926
0 0.5652985074626866 0.8788187372708758 0.021144278606965175 0.026476578411405296
0 0.6194029850746269 0.8716904276985743 0.07462686567164178 0.04073319755600815
0 0.6791044776119403 0.8788187372708758 0.029850746268656716 0.026476578411405296
0 0.75 0.8788187372708758 0.09701492537313433 0.026476578411405296
0 0.14365671641791045 0.9266802443991853 0.1181592039800995 0.032586558044806514
0 0.22139303482587064 0.9215885947046843 0.022388059701492536 0.026476578411405296
0 0.27611940298507465 0.9256619144602851 0.07213930348258707 0.034623217922606926
0 0.39427860696517414 0.9256619144602851 0.14925373134328357 0.034623217922606926
0 0.5410447761194029 0.7219959266802444 0.09203980099502487 0.02240325865580448
0 0.6057213930348259 0.7230142566191446 0.02736318407960199 0.012219959266802444
0 0.6393034825870647 0.7230142566191446 0.02736318407960199 0.024439918533604887
0 0.5267412935323383 0.774949083503055 0.026119402985074626 0.02240325865580448
0 0.5796019900497512 0.7759674134419552 0.06716417910447761 0.024439918533604887
0 0.5435323383084577 0.8238289205702648 0.05721393034825871 0.02240325865580448
0 0.6218905472636815 0.8228105906313645 0.08706467661691543 0.016293279022403257
