0 0.020833333333333332 0.028481012658227847 0.026041666666666668 0.056962025316455694
0 0.04192708333333333 0.0379746835443038 0.0109375 0.0379746835443038
0 0.05520833333333333 0.03955696202531646 0.011458333333333333 0.03481012658227848
0 0.06640625 0.03322784810126582 0.005729166666666666 0.028481012658227847
0 0.0828125 0.03481012658227848 0.021875 0.02531645569620253
0 0.10234375 0.03322784810126582 0.011979166666666667 0.028481012658227847
0 0.11796875 0.03481012658227848 0.013020833333333334 0.02531645569620253
0 0.021875 0.08386075949367089 0.028125 0.028481012658227847
0 0.020052083333333335 0.185126582278481 0.024479166666666666 0.028481012658227847
0 0.030729166666666665 0.18354430379746836 0.004166666666666667 0.08860759493670886
0 0.041666666666666664 0.189873417721519 0.011458333333333333 0.0189873417721519
0 0.052083333333333336 0.185126582278481 0.005208333333333333 0.028481012658227847
0 0.08854166666666667 0.189873417721519 0.06145833333333333 0.0379746835443038
0 0.09270833333333334 0.18354430379746836 0.011458333333333333 0.08860759493670886
0 0.11041666666666666 0.18354430379746836 0.019791666666666666 0.08860759493670886
0 0.12552083333333333 0.185126582278481 0.00625 0.028481012658227847
0 0.014322916666666666 0.24050632911392406 0.0140625 0.03164556962025317
0 0.027083333333333334 0.24050632911392406 0.00625 0.0189873417721519
0 0.0421875 0.24050632911392406 0.01875 0.0379746835443038
0 0.05755208333333333 0.24050632911392406 0.0078125 0.0189873417721519
0 0.06536458333333334 0.23575949367088608 0.0036458333333333334 0.028481012658227847
0 0.07734375 0.24050632911392406 0.015104166666666667 0.0379746835443038
0 0.09322916666666667 0.24525316455696203 0.0125 0.028481012658227847
0 0.11588541666666667 0.23575949367088608 0.028645833333333332 0.028481012658227847
0 0.013020833333333334 0.2879746835443038 0.011458333333333333 0.02531645569620253
0 0.027083333333333334 0.2879746835443038 0.0125 0.02531645569620253
0 0.04739583333333333 0.28639240506329117 0.021875 0.028481012658227847
0 0.3450520833333333 0.18829113924050633 0.027604166666666666 0.05379746835443038
0 0.378125 0.1962025316455696 0.030208333333333334 0.0759493670886076
0 0.4078125 0.18670886075949367 0.020833333333333332 0.056962025316455694
0 0.42526041666666664 0.18670886075949367 0.0046875 0.056962025316455694
0 0.4552083333333333 0.1962025316455696 0.04583333333333333 0.0759493670886076
0 0.48932291666666666 0.21518987341772153 0.0140625 0.11392405063291139
0 0.5234375 0.21677215189873417 0.04583333333333333 0.11708860759493671
0 0.59453125 0.1962025316455696 0.08697916666666666 0.0759493670886076
0 0.6453125 0.18670886075949367 0.005208333333333333 0.056962025316455694
0 0.68203125 0.1962025316455696 0.059895833333333336 0.0759493670886076
0 0.7231770833333333 0.18670886075949367 0.0140625 0.056962025316455694
0 0.35625 0.2911392405063291 0.05 0.0759493670886076
0 0.39296875 0.2990506329113924 0.015104166666666667 0.060126582278481014
0 0.415625 0.3022151898734177 0.034375 0.10443037974683544
0 0.35703125 0.37816455696202533 0.0515625 0.060126582278481014
0 0.3815104166666667 0.3876582278481013 0.0046875 0.10443037974683544
0 0.39140625 0.37658227848101267 0.0046875 0.056962025316455694
0 0.4171875 0.3987341772151899 0.030208333333333334 0.03164556962025317
0 0.34088541666666666 0.4810126582278481 0.019270833333333334 0.0379746835443038
0 0.3611979166666667 0.47151898734177217 0.011979166666666667 0.056962025316455694
0 0.37916666666666665 0.4810126582278481 0.015625 0.0379746835443038
0 0.3528645833333333 0.5664556962025317 0.044270833333333336 0.056962025316455694
0 0.3848958333333333 0.5759493670886076 0.0125 0.0759493670886076
0 0.34739583333333335 0.6708860759493671 0.03333333333333333 0.0759493670886076
0 0.37526041666666665 0.6708860759493671 0.013020833333333334 0.0379746835443038
0 0.3890625 0.6613924050632911 0.00625 0.056962025316455694
0 0.35260416666666666 0.7563291139240507 0.042708333333333334 0.056962025316455694
0 0.3809895833333333 0.7563291139240507 0.0046875 0.056962025316455694
0 0.39505208333333336 0.7563291139240507 0.0140625 0.056962025316455694
0 0.40130208333333334 0.7674050632911392 0.0046875 0.10443037974683544
0 0.3416666666666667 0.8607594936708861 0.021875 0.0759493670886076
0 0.36171875 0.8512658227848101 0.008854166666666666 0.056962025316455694
0 0.38177083333333334 0.8512658227848101 0.023958333333333335 0.056962025316455694
0 0.36041666666666666 0.9588607594936709 0.058333333333333334 0.06962025316455696
0 0.4140625 0.4620253164556962 0.014583333333333334 0.03164556962025317
0 0.41302083333333334 0.509493670886076 0.0125 0.02531645569620253
0 0.4200520833333333 0.5585443037974683 0.0265625 0.028481012658227847
0 0.4466145833333333 0.5632911392405063 0.021354166666666667 0.03164556962025317
0 0.46484375 0.5632911392405063 0.009895833333333333 0.0189873417721519
0 0.4830729166666667 0.5632911392405063 0.021354166666666667 0.03164556962025317
0 0.4200520833333333 0.6091772151898734 0.0265625 0.028481012658227847
0 0.4466145833333333 0.6139240506329114 0.021354166666666667 0.03164556962025317
0 0.4705729166666667 0.6139240506329114 0.021354166666666667 0.03164556962025317
0 0.42291666666666666 0.6645569620253164 0.03229166666666667 0.03164556962025317
0 0.41484375 0.7151898734177216 0.016145833333333335 0.03164556962025317
0 0.5236979166666667 0.4588607594936709 0.005729166666666666 0.02531645569620253
0 0.5197916666666667 0.509493670886076 0.013541666666666667 0.02531645569620253
0 0.5197916666666667 0.560126582278481 0.013541666666666667 0.02531645569620253
0 0.5197916666666667 0.6107594936708861 0.013541666666666667 0.02531645569620253
0 0.5221354166666666 0.6613924050632911 0.008854166666666666 0.02531645569620253
0 0.5221354166666666 0.7120253164556962 0.008854166666666666 0.02531645569620253
0 0.6052083333333333 0.28955696202531644 0.0125 0.04113924050632911
0 0.659375 0.2911392405063291 0.0875 0.0759493670886076
0 0.7153645833333333 0.2927215189873418 0.015104166666666667 0.060126582278481014
0 0.7221354166666667 0.2927215189873418 0.0046875 0.10443037974683544
0 0.73203125 0.28164556962025317 0.008854166666666666 0.056962025316455694
0 0.74921875 0.2911392405063291 0.016145833333333335 0.0379746835443038
0 0.6309895833333333 0.3860759493670886 0.04114583333333333 0.0759493670886076
0 0.6729166666666667 0.379746835443038 0.034375 0.06329113924050633
0 0.7067708333333333 0.37658227848101267 0.023958333333333335 0.056962025316455694
0 0.7427083333333333 0.3639240506329114 0.042708333333333334 0.14556962025316456
0 0.6299479166666667 0.47151898734177217 0.0453125 0.056962025316455694
0 0.6859375 0.48417721518987344 0.058333333333333334 0.06962025316455696
0 0.7234375 0.47151898734177217 0.009375 0.056962025316455694
0 0.6348958333333333 0.5759493670886076 0.05625 0.0759493670886076
0 0.6760416666666667 0.5680379746835443 0.016666666666666666 0.05379746835443038
0 0.70234375 0.5759493670886076 0.028645833333333332 0.0379746835443038
0 0.7268229166666667 0.5664556962025317 0.011979166666666667 0.056962025316455694
0 0.7494791666666667 0.569620253164557 0.025 0.05063291139240506
0 0.6216145833333333 0.6629746835443038 0.022395833333333334 0.05379746835443038
0 0.6481770833333333 0.6756329113924051 0.0234375 0.06645569620253164
0 0.6690104166666667 0.6613924050632911 0.008854166666666666 0.056962025316455694
0 0.7145833333333333 0.6708860759493671 0.07395833333333333 0.0759493670886076
0 0.7645833333333333 0.6708860759493671 0.016666666666666666 0.0759493670886076
0 0.4153645833333333 0.7800632911392406 0.025520833333333333 0.04113924050632911
0 0.43385416666666665 0.7816455696202531 0.00625 0.02531645569620253
0 0.446875 0.7689873417721519 0.013541666666666667 0.10759493670886076
0 0.4596354166666667 0.7816455696202531 0.005729166666666666 0.02531645569620253
0 0.47161458333333334 0.7689873417721519 0.0140625 0.10759493670886076
0 0.484375 0.7816455696202531 0.00625 0.02531645569620253
0 0.49713541666666666 0.7816455696202531 0.0140625 0.02531645569620253
0 0.5096354166666667 0.7816455696202531 0.005729166666666666 0.02531645569620253
0 0.5192708333333333 0.7816455696202531 0.008333333333333333 0.02531645569620253
0 0.52890625 0.7816455696202531 0.005729166666666666 0.02531645569620253
0 0.540625 0.7879746835443038 0.0125 0.02531645569620253
0 0.5643229166666667 0.7816455696202531 0.0296875 0.02531645569620253
0 0.5890625 0.7816455696202531 0.014583333333333334 0.02531645569620253
0 0.6127604166666667 0.7658227848101266 0.0067708333333333336 0.0379746835443038
0 0.6416666666666667 0.7658227848101266 0.042708333333333334 0.0759493670886076
0 0.7109375 0.7658227848101266 0.0875 0.0759493670886076
0 0.57890625 0.8765822784810127 0.03802083333333333 0.06962025316455696
0 0.6122395833333333 0.8512658227848101 0.011979166666666667 0.056962025316455694
0 0.6442708333333333 0.8512658227848101 0.04375 0.056962025316455694
0 0.67890625 0.8512658227848101 0.0171875 0.056962025316455694
0 0.7205729166666667 0.8512658227848101 0.05677083333333333 0.056962025316455694
0 0.4276041666666667 0.9715189873417721 0.00625 0.056962025316455694
0 0.48932291666666666 0.9746835443037974 0.018229166666666668 0.0379746835443038
