0 0.02421875 0.07333333333333333 0.03802083333333333 0.10666666666666667
0 0.059895833333333336 0.07 0.00625 0.08666666666666667
0 0.08072916666666667 0.07333333333333333 0.016666666666666666 0.10666666666666667
0 0.48880208333333336 0.08666666666666667 0.030729166666666665 0.17333333333333334
0 0.5080729166666667 0.09 0.0015625 0.006666666666666667
0 0.5192708333333333 0.08333333333333333 0.0125 0.06
0 0.9921875 0.07333333333333333 0.005208333333333333 0.06666666666666667
0 0.05182291666666667 0.25 0.024479166666666666 0.06
0 0.09427083333333333 0.25 0.030208333333333334 0.06
0 0.13984375 0.25 0.028645833333333332 0.06
0 0.18125 0.24333333333333335 0.021875 0.20666666666666667
0 0.20208333333333334 0.25 0.014583333333333334 0.06
0 0.2421875 0.24 0.034375 0.08
0 0.29583333333333334 0.25 0.041666666666666664 0.06
0 0.3453125 0.24 0.025 0.08
0 0.38958333333333334 0.25 0.03229166666666667 0.06
0 0.4434895833333333 0.24 0.044270833333333336 0.08
0 0.496875 0.25 0.03125 0.06
0 0.5104166666666666 0.24333333333333335 0.007291666666666667 0.20666666666666667
0 0.97734375 0.24666666666666667 0.0453125 0.16
0 0.9942708333333333 0.24666666666666667 0.011458333333333333 0.21333333333333335
0 0.48515625 0.44666666666666666 0.009895833333333333 0.17333333333333334
0 0.5252604166666667 0.4633333333333333 0.016145833333333335 0.06
0 0.7260416666666667 0.48 0.016666666666666666 0.21333333333333335
0 0.7502604166666667 0.49 0.0078125 0.11333333333333333
0 0.7661458333333333 0.43333333333333335 0.010416666666666666 0.17333333333333334
0 0.8125 0.4266666666666667 0.078125 0.10666666666666667
0 0.8109375 0.43333333333333335 0.00625 0.17333333333333334
0 0.834375 0.4266666666666667 0.034375 0.10666666666666667
0 0.7776041666666667 0.58 0.029166666666666667 0.10666666666666667
0 0.19635416666666666 0.48333333333333334 0.013541666666666667 0.06
0 0.22291666666666668 0.4633333333333333 0.011458333333333333 0.06
0 0.2713541666666667 0.5033333333333333 0.009375 0.03333333333333333
0 0.19635416666666666 0.6233333333333333 0.008333333333333333 0.03333333333333333
0 0.240625 0.6166666666666667 0.009375 0.1
0 0.26796875 0.6466666666666666 0.0265625 0.09333333333333334
0 0.30885416666666665 0.6266666666666667 0.03333333333333333 0.12
0 0.4953125 0.61 0.030208333333333334 0.08666666666666667
0 0.52578125 0.6366666666666667 0.0171875 0.1
0 0.7260416666666667 0.65 0.023958333333333335 0.20666666666666667
0 0.7505208333333333 0.65 0.01875 0.20666666666666667
0 0.8729166666666667 0.6466666666666666 0.022916666666666665 0.21333333333333335
0 0.8986979166666667 0.6566666666666666 0.0203125 0.06
0 0.9145833333333333 0.6566666666666666 0.005208333333333333 0.06
0 0.9322916666666666 0.6666666666666666 0.023958333333333335 0.08
0 0.72578125 0.7633333333333333 0.0026041666666666665 0.02
0 0.7502604166666667 0.7633333333333333 0.0026041666666666665 0.02
0 0.765625 0.7233333333333334 0.005208333333333333 0.23333333333333334
0 0.7971354166666667 0.7366666666666667 0.04739583333333333 0.1
0 0.8911458333333333 0.7833333333333333 0.03958333333333333 0.06
0 0.9252604166666667 0.7633333333333333 0.005729166666666666 0.06
0 0.93671875 0.7833333333333333 0.013020833333333334 0.06
0 0.90234375 0.8966666666666666 0.0609375 0.07333333333333333
0 0.909375 0.8766666666666667 0.00625 0.23333333333333334
0 0.9161458333333333 0.8766666666666667 0.005208333333333333 0.23333333333333334
0 0.9283854166666666 0.8766666666666667 0.0140625 0.23333333333333334
0 0.396875 0.8933333333333333 0.011458333333333333 0.05333333333333334
0 0.4080729166666667 0.9 0.005729166666666666 0.04
0 0.4205729166666667 0.8933333333333333 0.015104166666666667 0.05333333333333334
0 0.43385416666666665 0.8933333333333333 0.00625 0.05333333333333334
0 0.45286458333333335 0.8933333333333333 0.0265625 0.05333333333333334
