0 0.39140625 0.03173076923076923 0.0005208333333333333 0.06346153846153846
0 0.4203125 0.013461538461538462 0.040625 0.023076923076923078
0 0.4473958333333333 0.0125 0.005208333333333333 0.025
0 0.4869791666666667 0.0125 0.06875 0.025
0 0.5265625 0.013461538461538462 0.0010416666666666667 0.023076923076923078
0 0.5364583333333334 0.0125 0.004166666666666667 0.025
0 0.5513020833333333 0.0125 0.022395833333333334 0.025
0 0.5778645833333333 0.01826923076923077 0.024479166666666666 0.03653846153846154
0 0.5989583333333334 0.0125 0.009375 0.025
0 0.64453125 0.01826923076923077 0.07447916666666667 0.03653846153846154
0 0.6942708333333333 0.019230769230769232 0.016666666666666666 0.03461538461538462
0 0.4049479166666667 0.06538461538461539 0.009895833333333333 0.03461538461538462
0 0.44947916666666665 0.06538461538461539 0.071875 0.03461538461538462
0 0.5091145833333334 0.07115384615384615 0.0390625 0.046153846153846156
0 0.5393229166666667 0.06538461538461539 0.013020833333333334 0.03461538461538462
0 0.5713541666666667 0.07115384615384615 0.042708333333333334 0.046153846153846156
0 0.640625 0.07115384615384615 0.0875 0.046153846153846156
0 0.21302083333333333 0.1201923076923077 0.036458333333333336 0.013461538461538462
0 0.29583333333333334 0.12115384615384615 0.00625 0.011538461538461539
0 0.3453125 0.12115384615384615 0.004166666666666667 0.011538461538461539
0 0.39140625 0.13557692307692307 0.0005208333333333333 0.10192307692307692
0 0.42135416666666664 0.12307692307692308 0.041666666666666664 0.03461538461538462
0 0.44921875 0.12307692307692308 0.005729166666666666 0.03461538461538462
0 0.46770833333333334 0.12307692307692308 0.023958333333333335 0.03461538461538462
0 0.48854166666666665 0.12307692307692308 0.009375 0.03461538461538462
0 0.51484375 0.12884615384615383 0.034895833333333334 0.046153846153846156
0 0.5419270833333333 0.12307692307692308 0.011979166666666667 0.03461538461538462
0 0.5739583333333333 0.12307692307692308 0.04375 0.03461538461538462
0 0.60859375 0.12307692307692308 0.0171875 0.03461538461538462
0 0.65 0.12307692307692308 0.057291666666666664 0.03461538461538462
0 0.20234375 0.2076923076923077 0.03177083333333333 0.057692307692307696
0 0.22213541666666667 0.21634615384615385 0.0015625 0.01730769230769231
0 0.40234375 0.18076923076923077 0.0046875 0.03461538461538462
0 0.44765625 0.18846153846153846 0.07552083333333333 0.04230769230769231
0 0.21380208333333334 0.28173076923076923 0.03802083333333333 0.025
0 0.20026041666666666 0.47115384615384615 0.0234375 0.057692307692307696
0 0.22161458333333334 0.4625 0.0026041666666666665 0.01730769230769231
0 0.4088541666666667 0.47884615384615387 0.017708333333333333 0.03076923076923077
0 0.428125 0.4826923076923077 0.0125 0.023076923076923078
0 0.45390625 0.47692307692307695 0.03177083333333333 0.03461538461538462
0 0.478125 0.47692307692307695 0.009375 0.03461538461538462
0 0.50859375 0.4826923076923077 0.043229166666666666 0.046153846153846156
0 0.5776041666666667 0.4826923076923077 0.0875 0.046153846153846156
0 0.62890625 0.47692307692307695 0.005729166666666666 0.03461538461538462
0 0.6505208333333333 0.47692307692307695 0.030208333333333334 0.03461538461538462
0 0.67578125 0.47692307692307695 0.011979166666666667 0.03461538461538462
0 0.24427083333333333 0.5163461538461539 0.013541666666666667 0.04038461538461539
0 0.45755208333333336 0.5192307692307693 0.0015625 0.0038461538461538464
0 0.53046875 0.5192307692307693 0.0015625 0.0038461538461538464
0 0.584375 0.5211538461538462 0.0020833333333333333 0.007692307692307693
0 0.6510416666666666 0.5211538461538462 0.0020833333333333333 0.007692307692307693
0 0.6794270833333333 0.5211538461538462 0.011979166666666667 0.007692307692307693
0 0.22161458333333334 0.5634615384615385 0.019270833333333334 0.015384615384615385
0 0.26614583333333336 0.5634615384615385 0.017708333333333333 0.015384615384615385
0 0.4078125 0.5432692307692307 0.015625 0.028846153846153848
0 0.44140625 0.5480769230769231 0.043229166666666666 0.07692307692307693
0 0.5111979166666667 0.5480769230769231 0.08697916666666666 0.07692307692307693
0 0.58984375 0.5480769230769231 0.06197916666666667 0.07692307692307693
0 0.64140625 0.5394230769230769 0.0328125 0.05961538461538462
0 0.6770833333333334 0.5394230769230769 0.025 0.05961538461538462
0 0.20729166666666668 0.6028846153846154 0.017708333333333333 0.04038461538461539
0 0.2598958333333333 0.6028846153846154 0.06354166666666666 0.04038461538461539
0 0.40260416666666665 0.5980769230769231 0.005208333333333333 0.023076923076923078
0 0.43802083333333336 0.5980769230769231 0.05625 0.046153846153846156
0 0.4908854166666667 0.5980769230769231 0.04010416666666667 0.046153846153846156
0 0.52109375 0.5923076923076923 0.011979166666666667 0.03461538461538462
0 0.5736979166666667 0.6 0.08697916666666666 0.04230769230769231
0 0.6302083333333334 0.5942307692307692 0.017708333333333333 0.03076923076923077
0 0.20703125 0.6423076923076924 0.0203125 0.015384615384615385
0 0.22942708333333334 0.6423076923076924 0.005729166666666666 0.015384615384615385
0 0.24453125 0.6423076923076924 0.005729166666666666 0.015384615384615385
0 0.2591145833333333 0.6423076923076924 0.005729166666666666 0.015384615384615385
0 0.27421875 0.6423076923076924 0.005729166666666666 0.015384615384615385
0 0.2890625 0.6423076923076924 0.00625 0.015384615384615385
0 0.20703125 0.6673076923076923 0.0203125 0.015384615384615385
0 0.24453125 0.6673076923076923 0.005729166666666666 0.015384615384615385
0 0.26666666666666666 0.6673076923076923 0.020833333333333332 0.015384615384615385
0 0.2890625 0.6673076923076923 0.00625 0.015384615384615385
0 0.20572916666666666 0.7086538461538462 0.034375 0.01730769230769231
0 0.22317708333333333 0.7048076923076924 0.0046875 0.06346153846153846
0 0.3265625 0.7596153846153846 0.036458333333333336 0.023076923076923078
