0 0.054947916666666666 0.22943037974683544 0.07864583333333333 0.0981012658227848
0 0.12552083333333333 0.2231012658227848 0.0125 0.07911392405063292
0 0.17213541666666668 0.22784810126582278 0.04010416666666667 0.10126582278481013
0 0.2203125 0.22468354430379747 0.014583333333333334 0.0759493670886076
0 0.2833333333333333 0.1962025316455696 0.00625 0.0379746835443038
0 0.022135416666666668 0.31170886075949367 0.03697916666666667 0.028481012658227847
0 0.03854166666666667 0.310126582278481 0.004166666666666667 0.08860759493670886
0 0.053125 0.31170886075949367 0.017708333333333333 0.028481012658227847
0 0.08671875 0.31170886075949367 0.0328125 0.028481012658227847
0 0.12578125 0.31645569620253167 0.030729166666666665 0.0379746835443038
0 0.15989583333333332 0.31170886075949367 0.022916666666666665 0.028481012658227847
0 0.184375 0.31645569620253167 0.019791666666666666 0.0379746835443038
0 0.2203125 0.31170886075949367 0.023958333333333335 0.028481012658227847
0 0.26119791666666664 0.31170886075949367 0.0390625 0.028481012658227847
0 0.2921875 0.31329113924050633 0.014583333333333334 0.02531645569620253
0 0.30546875 0.31170886075949367 0.0026041666666666665 0.00949367088607595
0 0.022135416666666668 0.3639240506329114 0.033854166666666664 0.08860759493670886
0 0.07005208333333333 0.3623417721518987 0.008854166666666666 0.028481012658227847
0 0.09166666666666666 0.37183544303797467 0.030208333333333334 0.028481012658227847
0 0.16015625 0.3623417721518987 0.0026041666666666665 0.00949367088607595
0 0.18411458333333333 0.3623417721518987 0.0026041666666666665 0.00949367088607595
0 0.2203125 0.3639240506329114 0.036458333333333336 0.02531645569620253
0 0.07109375 0.4208860759493671 0.03177083333333333 0.08860759493670886
0 0.17135416666666667 0.4272151898734177 0.01875 0.03164556962025317
0 0.28359375 0.4240506329113924 0.03697916666666667 0.02531645569620253
0 0.03359375 0.5427215189873418 0.050520833333333334 0.06645569620253164
0 0.024479166666666666 0.6598101265822784 0.030208333333333334 0.028481012658227847
0 0.04479166666666667 0.6645569620253164 0.00625 0.0189873417721519
0 0.06458333333333334 0.6598101265822784 0.028125 0.028481012658227847
0 0.017708333333333333 0.7768987341772152 0.01875 0.028481012658227847
0 0.03802083333333333 0.7784810126582279 0.003125 0.0759493670886076
0 0.07447916666666667 0.7721518987341772 0.06458333333333334 0.0379746835443038
0 0.013802083333333333 0.9319620253164557 0.013020833333333334 0.028481012658227847
0 0.0375 0.9319620253164557 0.029166666666666667 0.028481012658227847
0 0.057291666666666664 0.9319620253164557 0.00625 0.028481012658227847
0 0.06953125 0.9367088607594937 0.0140625 0.03164556962025317
0 0.08359375 0.9319620253164557 0.008854166666666666 0.028481012658227847
0 0.11015625 0.9367088607594937 0.04010416666666667 0.03164556962025317
0 0.015885416666666666 0.9825949367088608 0.016145833333333335 0.028481012658227847
0 0.037760416666666664 0.9699367088607594 0.0171875 0.060126582278481014
0 0.05260416666666667 0.9825949367088608 0.005208333333333333 0.028481012658227847
0 0.065625 0.9841772151898734 0.009375 0.03164556962025317
0 0.08255208333333333 0.9841772151898734 0.011979166666666667 0.02531645569620253
0 0.103125 0.9889240506329114 0.010416666666666666 0.022151898734177215
0 0.11796875 0.9841772151898734 0.0140625 0.02531645569620253
0 0.09427083333333333 0.11867088607594936 0.030208333333333334 0.028481012658227847
0 0.13984375 0.11867088607594936 0.028645833333333332 0.028481012658227847
0 0.18125 0.11867088607594936 0.021875 0.028481012658227847
0 0.20208333333333334 0.11867088607594936 0.014583333333333334 0.028481012658227847
0 0.24192708333333332 0.11867088607594936 0.033854166666666664 0.028481012658227847
0 0.29583333333333334 0.11867088607594936 0.041666666666666664 0.028481012658227847
0 0.3453125 0.11867088607594936 0.025 0.028481012658227847
0 0.38958333333333334 0.11867088607594936 0.03229166666666667 0.028481012658227847
0 0.4434895833333333 0.11867088607594936 0.044270833333333336 0.028481012658227847
0 0.496875 0.11867088607594936 0.03125 0.028481012658227847
0 0.5109375 0.11708860759493671 0.007291666666666667 0.08860759493670886
0 0.44635416666666666 0.20569620253164558 0.057291666666666664 0.056962025316455694
0 0.4940104166666667 0.20411392405063292 0.0026041666666666665 0.00949367088607595
0 0.5158854166666667 0.22626582278481014 0.0109375 0.08544303797468354
0 0.5408854166666667 0.22626582278481014 0.0109375 0.08544303797468354
0 0.5729166666666666 0.20253164556962025 0.0375 0.05063291139240506
0 0.6864583333333333 0.22784810126582278 0.008333333333333333 0.08860759493670886
0 0.4578125 0.27689873417721517 0.06041666666666667 0.028481012658227847
0 0.5692708333333333 0.27689873417721517 0.030208333333333334 0.028481012658227847
0 0.31536458333333334 0.31645569620253167 0.0140625 0.0189873417721519
0 0.3455729166666667 0.310126582278481 0.030729166666666665 0.03164556962025317
0 0.35885416666666664 0.3069620253164557 0.008333333333333333 0.08227848101265822
0 0.3880208333333333 0.31170886075949367 0.0125 0.028481012658227847
0 0.40130208333333334 0.31170886075949367 0.008854166666666666 0.028481012658227847
0 0.42161458333333335 0.27531645569620256 0.005729166666666666 0.04430379746835443
0 0.47265625 0.28639240506329117 0.0026041666666666665 0.028481012658227847
0 0.5161458333333333 0.31645569620253167 0.023958333333333335 0.0379746835443038
0 0.5411458333333333 0.31170886075949367 0.019791666666666666 0.028481012658227847
0 0.5583333333333333 0.27531645569620256 0.00625 0.05063291139240506
0 0.6151041666666667 0.31645569620253167 0.027083333333333334 0.0379746835443038
0 0.3455729166666667 0.3623417721518987 0.0390625 0.028481012658227847
0 0.39348958333333334 0.34651898734177217 0.04114583333333333 0.12341772151898735
0 0.44765625 0.34651898734177217 0.0578125 0.12341772151898735
0 0.48385416666666664 0.34968354430379744 0.0020833333333333333 0.00949367088607595
0 0.4947916666666667 0.34651898734177217 0.007291666666666667 0.12341772151898735
0 0.5158854166666667 0.3623417721518987 0.0026041666666666665 0.00949367088607595
0 0.5408854166666667 0.3623417721518987 0.0026041666666666665 0.00949367088607595
0 0.61484375 0.3623417721518987 0.0026041666666666665 0.00949367088607595
0 0.66328125 0.314873417721519 0.0046875 0.015822784810126583
0 0.6872395833333333 0.31170886075949367 0.0359375 0.028481012658227847
0 0.7231770833333333 0.31170886075949367 0.015104166666666667 0.028481012658227847
0 0.7645833333333333 0.31170886075949367 0.03958333333333333 0.028481012658227847
0 0.6875 0.3623417721518987 0.034375 0.028481012658227847
0 0.7234375 0.3623417721518987 0.011458333333333333 0.028481012658227847
0 0.7838541666666666 0.3639240506329114 0.004166666666666667 0.02531645569620253
0 0.6151041666666667 0.43829113924050633 0.025 0.05379746835443038
0 0.6708333333333333 0.43829113924050633 0.021875 0.05379746835443038
0 0.7236979166666667 0.4240506329113924 0.0234375 0.02531645569620253
0 0.7541666666666667 0.4240506329113924 0.022916666666666665 0.02531645569620253
0 0.7776041666666667 0.43037974683544306 0.01875 0.02531645569620253
0 0.35911458333333335 0.5221518987341772 0.05572916666666667 0.10126582278481013
0 0.396875 0.49683544303797467 0.014583333333333334 0.08860759493670886
0 0.4513020833333333 0.5063291139240507 0.08385416666666666 0.13291139240506328
0 0.50390625 0.5126582278481012 0.011979166666666667 0.056962025316455694
0 0.51875 0.5126582278481012 0.009375 0.056962025316455694
0 0.5497395833333333 0.49683544303797467 0.0453125 0.08860759493670886
0 0.5908854166666667 0.5221518987341772 0.028645833333333332 0.10126582278481013
0 0.6135416666666667 0.49683544303797467 0.010416666666666666 0.08860759493670886
0 0.6455729166666667 0.5158227848101266 0.0453125 0.05063291139240506
0 0.684375 0.5126582278481012 0.023958333333333335 0.056962025316455694
0 0.7166666666666667 0.5221518987341772 0.03229166666666667 0.0759493670886076
0 0.35703125 0.6075949367088608 0.0515625 0.056962025316455694
0 0.3919270833333333 0.6075949367088608 0.008854166666666666 0.056962025316455694
0 0.4283854166666667 0.6123417721518988 0.05572916666666667 0.06645569620253164
0 0.46796875 0.6075949367088608 0.0140625 0.056962025316455694
0 0.50703125 0.6170886075949367 0.05572916666666667 0.0379746835443038
0 0.5653645833333333 0.6075949367088608 0.05260416666666667 0.056962025316455694
0 0.6174479166666667 0.620253164556962 0.043229166666666666 0.06962025316455696
0 0.6528645833333333 0.6075949367088608 0.019270833333333334 0.056962025316455694
0 0.6885416666666667 0.6075949367088608 0.04375 0.056962025316455694
0 0.72109375 0.6170886075949367 0.013020833333333334 0.0379746835443038
0 0.3541666666666667 0.7120253164556962 0.04583333333333333 0.0759493670886076
0 0.3932291666666667 0.7215189873417721 0.025 0.056962025316455694
0 0.4140625 0.7025316455696202 0.009375 0.056962025316455694
0 0.44427083333333334 0.7120253164556962 0.042708333333333334 0.0759493670886076
0 0.5135416666666667 0.7120253164556962 0.0875 0.0759493670886076
0 0.5708333333333333 0.7072784810126582 0.017708333333333333 0.04746835443037975
0 0.35260416666666666 0.9572784810126582 0.04479166666666667 0.08544303797468354
0 0.9690104166666667 0.11550632911392406 0.028645833333333332 0.028481012658227847
