0 0.01220703125 0.8867924528301887 0.0068359375 0.03773584905660377
0 0.01220703125 0.8150943396226416 0.0068359375 0.03773584905660377
0 0.01220703125 0.7433962264150943 0.0068359375 0.03773584905660377
0 0.01220703125 0.6726415094339623 0.0068359375 0.035849056603773584
0 0.01220703125 0.6018867924528302 0.0068359375 0.03773584905660377
0 0.01220703125 0.530188679245283 0.0068359375 0.03773584905660377
0 0.01220703125 0.9584905660377359 0.0068359375 0.03773584905660377
0 0.30859375 0.11415094339622642 0.005859375 0.016981132075471698
0 0.30859375 0.16981132075471697 0.005859375 0.018867924528301886
0 0.212890625 0.22075471698113208 0.064453125 0.052830188679245285
0 0.291015625 0.22075471698113208 0.080078125 0.052830188679245285
0 0.38671875 0.22075471698113208 0.09765625 0.052830188679245285
0 0.1728515625 0.27452830188679245 0.00390625 0.016981132075471698
0 0.18359375 0.32547169811320753 0.05859375 0.016981132075471698
0 0.23095703125 0.32547169811320753 0.0283203125 0.016981132075471698
0 0.3447265625 0.32547169811320753 0.193359375 0.016981132075471698
0 0.18115234375 0.37641509433962267 0.0556640625 0.016981132075471698
0 0.2470703125 0.3745283018867924 0.009765625 0.013207547169811321
0 0.27490234375 0.37169811320754714 0.0419921875 0.052830188679245285
0 0.3125 0.37169811320754714 0.021484375 0.052830188679245285
0 0.3505859375 0.37169811320754714 0.046875 0.052830188679245285
0 0.40234375 0.37169811320754714 0.046875 0.052830188679245285
0 0.162109375 0.42735849056603775 0.017578125 0.016981132075471698
0 0.21337890625 0.42735849056603775 0.0830078125 0.016981132075471698
0 0.24853515625 0.42452830188679247 0.0126953125 0.052830188679245285
0 0.30517578125 0.42735849056603775 0.0927734375 0.016981132075471698
0 0.31005859375 0.42452830188679247 0.0166015625 0.052830188679245285
0 0.3359375 0.42735849056603775 0.03125 0.016981132075471698
0 0.24609375 0.47641509433962265 0.185546875 0.016981132075471698
0 0.32275390625 0.47358490566037736 0.0419921875 0.052830188679245285
0 0.21826171875 0.5273584905660378 0.1298828125 0.016981132075471698
0 0.23583984375 0.5245283018867924 0.0322265625 0.052830188679245285
0 0.3037109375 0.5283018867924528 0.029296875 0.01509433962264151
0 0.3779296875 0.5264150943396226 0.099609375 0.01509433962264151
0 0.2431640625 0.5783018867924529 0.1796875 0.016981132075471698
0 0.2451171875 0.5754716981132075 0.013671875 0.052830188679245285
0 0.29150390625 0.5783018867924529 0.0712890625 0.016981132075471698
0 0.3330078125 0.5754716981132075 0.0078125 0.052830188679245285
0 0.17724609375 0.629245283018868 0.0458984375 0.016981132075471698
0 0.29345703125 0.629245283018868 0.1806640625 0.016981132075471698
0 0.27001953125 0.6264150943396226 0.0205078125 0.052830188679245285
0 0.29638671875 0.6264150943396226 0.0185546875 0.052830188679245285
0 0.3681640625 0.629245283018868 0.12109375 0.016981132075471698
0 0.1884765625 0.6452830188679245 0.046875 0.052830188679245285
0 0.26220703125 0.6490566037735849 0.0205078125 0.01509433962264151
0 0.28173828125 0.6481132075471698 0.0107421875 0.016981132075471698
0 0.30712890625 0.6490566037735849 0.0322265625 0.01509433962264151
0 0.34033203125 0.65 0.0263671875 0.020754716981132074
0 0.37890625 0.65 0.04296875 0.020754716981132074
0 0.5537109375 0.1179245283018868 0.009765625 0.013207547169811321
0 0.57373046875 0.11886792452830189 0.0205078125 0.011320754716981131
0 0.6083984375 0.11981132075471698 0.0390625 0.009433962264150943
0 0.662109375 0.11981132075471698 0.05859375 0.016981132075471698
0 0.7001953125 0.11981132075471698 0.009765625 0.009433962264150943
0 0.72119140625 0.11981132075471698 0.0244140625 0.016981132075471698
0 0.76513671875 0.11981132075471698 0.0556640625 0.016981132075471698
0 0.80908203125 0.11981132075471698 0.0244140625 0.016981132075471698
0 0.837890625 0.1179245283018868 0.017578125 0.013207547169811321
0 0.56005859375 0.13962264150943396 0.0224609375 0.011320754716981131
0 0.580078125 0.13867924528301886 0.009765625 0.013207547169811321
0 0.60107421875 0.14056603773584905 0.0244140625 0.016981132075471698
0 0.6220703125 0.13867924528301886 0.009765625 0.013207547169811321
0 0.64599609375 0.13584905660377358 0.0302734375 0.052830188679245285
0 0.67333984375 0.13867924528301886 0.0166015625 0.013207547169811321
0 0.7099609375 0.13867924528301886 0.048828125 0.013207547169811321
0 0.7626953125 0.14150943396226415 0.05078125 0.01509433962264151
0 0.8291015625 0.13867924528301886 0.037109375 0.013207547169811321
0 0.564453125 0.15849056603773584 0.0390625 0.052830188679245285
0 0.6142578125 0.15849056603773584 0.052734375 0.052830188679245285
0 0.65087890625 0.15849056603773584 0.0166015625 0.052830188679245285
0 0.67431640625 0.15849056603773584 0.0224609375 0.052830188679245285
0 0.69970703125 0.16037735849056603 0.0185546875 0.01509433962264151
0 0.72607421875 0.15849056603773584 0.0263671875 0.052830188679245285
0 0.76025390625 0.15849056603773584 0.0341796875 0.052830188679245285
0 0.81689453125 0.15849056603773584 0.0673828125 0.052830188679245285
0 0.58349609375 0.1820754716981132 0.0693359375 0.016981132075471698
0 0.64111328125 0.180188679245283 0.0400390625 0.013207547169811321
0 0.75634765625 0.1820754716981132 0.1826171875 0.016981132075471698
0 0.57666015625 0.2009433962264151 0.0556640625 0.016981132075471698
0 0.55078125 0.2330188679245283 0.00390625 0.016981132075471698
0 0.572265625 0.28679245283018867 0.048828125 0.018867924528301886
0 0.6328125 0.33867924528301885 0.01953125 0.013207547169811321
0 0.66064453125 0.34056603773584904 0.0244140625 0.016981132075471698
0 0.6943359375 0.33962264150943394 0.03125 0.011320754716981131
0 0.7177734375 0.34056603773584904 0.00390625 0.009433962264150943
0 0.740234375 0.33867924528301885 0.03125 0.013207547169811321
0 0.765625 0.34056603773584904 0.009765625 0.009433962264150943
0 0.7880859375 0.33962264150943394 0.025390625 0.011320754716981131
0 0.81982421875 0.33867924528301885 0.0283203125 0.013207547169811321
0 0.84326171875 0.33867924528301885 0.0087890625 0.013207547169811321
0 0.57275390625 0.3613207547169811 0.0478515625 0.013207547169811321
0 0.6083984375 0.3613207547169811 0.01171875 0.013207547169811321
0 0.6337890625 0.3594339622641509 0.02734375 0.009433962264150943
0 0.673828125 0.3584905660377358 0.029296875 0.011320754716981131
0 0.69580078125 0.35754716981132073 0.0068359375 0.013207547169811321
0 0.71435546875 0.360377358490566 0.0224609375 0.01509433962264151
0 0.7353515625 0.35660377358490564 0.0078125 0.052830188679245285
0 0.7490234375 0.35660377358490564 0.01171875 0.052830188679245285
0 0.77783203125 0.3594339622641509 0.0439453125 0.016981132075471698
0 0.80859375 0.35754716981132073 0.009765625 0.013207547169811321
0 0.83251953125 0.360377358490566 0.0302734375 0.01509433962264151
0 0.578125 0.38018867924528305 0.05859375 0.016981132075471698
0 0.623046875 0.37830188679245286 0.009765625 0.013207547169811321
0 0.64697265625 0.37830188679245286 0.0283203125 0.013207547169811321
0 0.6689453125 0.3754716981132076 0.0078125 0.052830188679245285
0 0.6953125 0.37830188679245286 0.037109375 0.013207547169811321
0 0.7236328125 0.37830188679245286 0.009765625 0.013207547169811321
0 0.76123046875 0.38113207547169814 0.0576171875 0.01509433962264151
0 0.7958984375 0.37830188679245286 0.00390625 0.013207547169811321
0 0.82666015625 0.37830188679245286 0.0419921875 0.013207547169811321
0 0.55908203125 0.4009433962264151 0.0205078125 0.016981132075471698
0 0.57568359375 0.39811320754716983 0.0068359375 0.052830188679245285
0 0.59814453125 0.39905660377358493 0.0322265625 0.013207547169811321
0 0.62548828125 0.39905660377358493 0.0166015625 0.013207547169811321
0 0.65234375 0.4009433962264151 0.029296875 0.016981132075471698
0 0.685546875 0.4009433962264151 0.029296875 0.009433962264150943
0 0.70654296875 0.39905660377358493 0.0068359375 0.013207547169811321
0 0.732421875 0.4 0.0390625 0.01509433962264151
0 0.759765625 0.39905660377358493 0.009765625 0.013207547169811321
0 0.8076171875 0.4 0.078125 0.011320754716981131
0 0.56396484375 0.4235849056603774 0.0302734375 0.013207547169811321
0 0.662109375 0.4207547169811321 0.162109375 0.018867924528301886
0 0.771484375 0.4226415094339623 0.05078125 0.01509433962264151
0 0.80859375 0.4216981132075472 0.017578125 0.016981132075471698
0 0.5673828125 0.4716981132075472 0.037109375 0.018867924528301886
0 0.55859375 0.5235849056603774 0.01953125 0.013207547169811321
0 0.583984375 0.5254716981132076 0.021484375 0.016981132075471698
0 0.607421875 0.5254716981132076 0.015625 0.009433962264150943
0 0.64501953125 0.5254716981132076 0.0322265625 0.016981132075471698
0 0.6708984375 0.5235849056603774 0.009765625 0.013207547169811321
0 0.69775390625 0.5254716981132076 0.0322265625 0.016981132075471698
0 0.77587890625 0.5264150943396226 0.1142578125 0.018867924528301886
0 0.78515625 0.5226415094339623 0.00390625 0.052830188679245285
0 0.81103515625 0.5264150943396226 0.0419921875 0.018867924528301886
0 0.841796875 0.5235849056603774 0.009765625 0.013207547169811321
0 0.62158203125 0.5452830188679245 0.0341796875 0.01509433962264151
0 0.67529296875 0.5443396226415095 0.0498046875 0.016981132075471698
0 0.72265625 0.5433962264150943 0.021484375 0.011320754716981131
0 0.76708984375 0.5424528301886793 0.0458984375 0.013207547169811321
0 0.8056640625 0.5424528301886793 0.009765625 0.013207547169811321
0 0.833984375 0.5424528301886793 0.025390625 0.013207547169811321
0 0.6337890625 0.5650943396226416 0.05859375 0.016981132075471698
0 0.67626953125 0.5650943396226416 0.0068359375 0.009433962264150943
0 0.69287109375 0.5632075471698114 0.0068359375 0.013207547169811321
0 0.70947265625 0.5650943396226416 0.0107421875 0.009433962264150943
0 0.73779296875 0.5641509433962264 0.0302734375 0.01509433962264151
0 0.76171875 0.5669811320754717 0.00390625 0.005660377358490566
0 0.78564453125 0.5632075471698114 0.0302734375 0.013207547169811321
0 0.8134765625 0.5632075471698114 0.01171875 0.013207547169811321
0 0.8369140625 0.5632075471698114 0.01953125 0.013207547169811321
0 0.6650390625 0.5858490566037736 0.12109375 0.016981132075471698
0 0.7431640625 0.5849056603773585 0.0234375 0.01509433962264151
0 0.76904296875 0.5839622641509434 0.0166015625 0.013207547169811321
0 0.79833984375 0.5849056603773585 0.0283203125 0.011320754716981131
0 0.826171875 0.5867924528301887 0.013671875 0.011320754716981131
0 0.84326171875 0.5839622641509434 0.0087890625 0.013207547169811321
0 0.62109375 0.6037735849056604 0.041015625 0.052830188679245285
0 0.6494140625 0.6066037735849057 0.0078125 0.009433962264150943
0 0.6806640625 0.6037735849056604 0.046875 0.052830188679245285
0 0.7177734375 0.6037735849056604 0.01171875 0.052830188679245285
0 0.78662109375 0.6075471698113207 0.1220703125 0.018867924528301886
0 0.84521484375 0.6037735849056604 0.0126953125 0.052830188679245285
0 0.61767578125 0.6226415094339622 0.0341796875 0.052830188679245285
0 0.66064453125 0.6226415094339622 0.0439453125 0.052830188679245285
0 0.69873046875 0.6226415094339622 0.0224609375 0.052830188679245285
0 0.77197265625 0.6254716981132076 0.1201171875 0.016981132075471698
0 0.806640625 0.6226415094339622 0.048828125 0.052830188679245285
0 0.841796875 0.6235849056603774 0.01171875 0.013207547169811321
0 0.6142578125 0.6462264150943396 0.01953125 0.009433962264150943
0 0.67529296875 0.6462264150943396 0.0947265625 0.016981132075471698
0 0.6884765625 0.6433962264150943 0.0078125 0.052830188679245285
0 0.70947265625 0.6462264150943396 0.0263671875 0.016981132075471698
0 0.76806640625 0.6443396226415095 0.0263671875 0.013207547169811321
0 0.814453125 0.6443396226415095 0.05859375 0.013207547169811321
0 0.60693359375 0.6650943396226415 0.0048828125 0.013207547169811321
0 0.63916015625 0.6688679245283019 0.0166015625 0.013207547169811321
0 0.65576171875 0.6650943396226415 0.0068359375 0.013207547169811321
0 0.68798828125 0.6669811320754717 0.0478515625 0.016981132075471698
0 0.75 0.6660377358490566 0.03125 0.011320754716981131
0 0.7724609375 0.6669811320754717 0.00390625 0.009433962264150943
0 0.78759765625 0.6650943396226415 0.0166015625 0.013207547169811321
0 0.80322265625 0.6650943396226415 0.0068359375 0.013207547169811321
0 0.82275390625 0.6669811320754717 0.0244140625 0.016981132075471698
0 0.84326171875 0.6650943396226415 0.0087890625 0.013207547169811321
0 0.62939453125 0.6858490566037736 0.0498046875 0.013207547169811321
0 0.67578125 0.6877358490566038 0.02734375 0.016981132075471698
0 0.701171875 0.6858490566037736 0.009765625 0.013207547169811321
0 0.72802734375 0.6867924528301886 0.0302734375 0.011320754716981131
0 0.779296875 0.6877358490566038 0.05859375 0.016981132075471698
0 0.8251953125 0.689622641509434 0.015625 0.013207547169811321
0 0.84423828125 0.6858490566037736 0.0068359375 0.013207547169811321
0 0.62841796875 0.7066037735849057 0.0478515625 0.016981132075471698
0 0.6640625 0.7084905660377359 0.01171875 0.013207547169811321
0 0.6923828125 0.7056603773584905 0.03125 0.011320754716981131
0 0.7158203125 0.7037735849056603 0.00390625 0.01509433962264151
0 0.73193359375 0.7047169811320755 0.0166015625 0.013207547169811321
0 0.74853515625 0.7047169811320755 0.0068359375 0.013207547169811321
0 0.76904296875 0.7066037735849057 0.0244140625 0.016981132075471698
0 0.79052734375 0.7047169811320755 0.0087890625 0.013207547169811321
0 0.81494140625 0.7047169811320755 0.0302734375 0.013207547169811321
0 0.8408203125 0.7047169811320755 0.01171875 0.013207547169811321
0 0.6220703125 0.7245283018867924 0.04296875 0.052830188679245285
0 0.7255859375 0.7273584905660377 0.16015625 0.016981132075471698
0 0.77490234375 0.7245283018867924 0.0478515625 0.052830188679245285
0 0.5859375 0.7773584905660378 0.07421875 0.018867924528301886
0 0.55859375 0.8292452830188679 0.01953125 0.013207547169811321
0 0.5830078125 0.8311320754716981 0.021484375 0.016981132075471698
0 0.61669921875 0.8301886792452831 0.0380859375 0.011320754716981131
0 0.650390625 0.8301886792452831 0.0234375 0.011320754716981131
0 0.66943359375 0.8311320754716981 0.0087890625 0.009433962264150943
0 0.6875 0.8292452830188679 0.021484375 0.013207547169811321
0 0.70458984375 0.8292452830188679 0.0068359375 0.013207547169811321
0 0.72607421875 0.8301886792452831 0.0302734375 0.011320754716981131
0 0.7744140625 0.8311320754716981 0.060546875 0.016981132075471698
0 0.8125 0.8292452830188679 0.009765625 0.013207547169811321
0 0.828125 0.8292452830188679 0.015625 0.013207547169811321
0 0.84326171875 0.8292452830188679 0.0087890625 0.013207547169811321
0 0.57275390625 0.85 0.0478515625 0.013207547169811321
0 0.61474609375 0.8518867924528302 0.0283203125 0.016981132075471698
0 0.6455078125 0.8537735849056604 0.02734375 0.013207547169811321
0 0.67724609375 0.8518867924528302 0.0302734375 0.016981132075471698
0 0.74853515625 0.8518867924528302 0.1064453125 0.016981132075471698
0 0.826171875 0.8509433962264151 0.04296875 0.01509433962264151
0 0.67919921875 0.870754716981132 0.2607421875 0.016981132075471698
0 0.8046875 0.869811320754717 0.01953125 0.052830188679245285
0 0.99169921875 0.9641509433962264 0.0068359375 0.01509433962264151
