0 0.02421875 0.0718954248366013 0.03802083333333333 0.10457516339869281
0 0.06822916666666666 0.0718954248366013 0.022916666666666665 0.10457516339869281
0 0.48880208333333336 0.08823529411764706 0.030729166666666665 0.17647058823529413
0 0.5080729166666667 0.08823529411764706 0.0015625 0.006535947712418301
0 0.51953125 0.08169934640522876 0.011979166666666667 0.058823529411764705
0 0.9466145833333334 0.0718954248366013 0.0067708333333333336 0.06535947712418301
0 0.96171875 0.08496732026143791 0.0046875 0.013071895424836602
0 0.9921875 0.0718954248366013 0.005208333333333333 0.06535947712418301
0 0.022395833333333334 0.24509803921568626 0.005208333333333333 0.058823529411764705
0 0.05182291666666667 0.24509803921568626 0.024479166666666666 0.058823529411764705
0 0.09427083333333333 0.24509803921568626 0.030208333333333334 0.058823529411764705
0 0.13984375 0.23529411764705882 0.028645833333333332 0.0784313725490196
0 0.18984375 0.24509803921568626 0.0390625 0.058823529411764705
0 0.2421875 0.23529411764705882 0.034375 0.0784313725490196
0 0.29609375 0.24509803921568626 0.0421875 0.058823529411764705
0 0.3453125 0.23529411764705882 0.025 0.0784313725490196
0 0.36692708333333335 0.24509803921568626 0.0046875 0.20261437908496732
0 0.38958333333333334 0.24509803921568626 0.03229166666666667 0.058823529411764705
0 0.4434895833333333 0.23529411764705882 0.044270833333333336 0.0784313725490196
0 0.496875 0.24509803921568626 0.03125 0.058823529411764705
0 0.5109375 0.24509803921568626 0.007291666666666667 0.20261437908496732
0 0.97734375 0.24183006535947713 0.0453125 0.1568627450980392
0 0.9942708333333333 0.24183006535947713 0.011458333333333333 0.20915032679738563
0 0.021614583333333333 0.4019607843137255 0.013020833333333334 0.058823529411764705
0 0.12526041666666668 0.4084967320261438 0.013020833333333334 0.058823529411764705
0 0.15885416666666666 0.39869281045751637 0.008333333333333333 0.06535947712418301
0 0.20130208333333333 0.40522875816993464 0.033854166666666664 0.0784313725490196
0 0.2513020833333333 0.4117647058823529 0.0067708333333333336 0.0784313725490196
0 0.2955729166666667 0.4084967320261438 0.033854166666666664 0.08496732026143791
0 0.44140625 0.43137254901960786 0.0234375 0.0784313725490196
0 0.46510416666666665 0.4215686274509804 0.020833333333333332 0.21568627450980393
0 0.4940104166666667 0.4215686274509804 0.0026041666666666665 0.0196078431372549
0 0.5575520833333333 0.41830065359477125 0.0067708333333333336 0.10457516339869281
0 0.578125 0.4215686274509804 0.027083333333333334 0.21568627450980393
0 0.6489583333333333 0.4117647058823529 0.007291666666666667 0.0915032679738562
0 0.7330729166666666 0.45098039215686275 0.0067708333333333336 0.0392156862745098
0 0.0375 0.477124183006536 0.04375 0.19607843137254902
0 0.14375 0.49673202614379086 0.04791666666666667 0.1568627450980392
0 0.25338541666666664 0.4738562091503268 0.08072916666666667 0.13725490196078433
0 0.37005208333333334 0.4803921568627451 0.0640625 0.1895424836601307
0 0.45338541666666665 0.5686274509803921 0.06927083333333334 0.0915032679738562
0 0.5158854166666667 0.4673202614379085 0.0109375 0.17647058823529413
0 0.5692708333333333 0.5686274509803921 0.030208333333333334 0.10457516339869281
0 0.6513020833333333 0.5163398692810458 0.015104166666666667 0.10457516339869281
0 0.6890625 0.477124183006536 0.013541666666666667 0.19607843137254902
0 0.7369791666666666 0.4673202614379085 0.013541666666666667 0.17647058823529413
0 0.7783854166666667 0.477124183006536 0.015104166666666667 0.19607843137254902
0 0.022135416666666668 0.6437908496732027 0.03697916666666667 0.058823529411764705
0 0.03828125 0.6372549019607843 0.0046875 0.16339869281045752
0 0.053125 0.6437908496732027 0.017708333333333333 0.058823529411764705
0 0.08671875 0.6437908496732027 0.0328125 0.058823529411764705
0 0.12578125 0.6535947712418301 0.030729166666666665 0.0784313725490196
0 0.15989583333333332 0.6437908496732027 0.022916666666666665 0.058823529411764705
0 0.184375 0.6535947712418301 0.019791666666666666 0.0784313725490196
0 0.2203125 0.6437908496732027 0.023958333333333335 0.058823529411764705
0 0.2557291666666667 0.6535947712418301 0.028125 0.0784313725490196
0 0.2864583333333333 0.6437908496732027 0.027083333333333334 0.058823529411764705
0 0.31302083333333336 0.6437908496732027 0.019791666666666666 0.058823529411764705
0 0.34010416666666665 0.6372549019607843 0.023958333333333335 0.16339869281045752
0 0.3580729166666667 0.6372549019607843 0.009895833333333333 0.16339869281045752
0 0.38828125 0.6372549019607843 0.011979166666666667 0.16339869281045752
0 0.4015625 0.6437908496732027 0.008333333333333333 0.058823529411764705
0 0.44895833333333335 0.6993464052287581 0.0010416666666666667 0.013071895424836602
0 0.47265625 0.5915032679738562 0.0026041666666666665 0.058823529411764705
0 0.5158854166666667 0.6535947712418301 0.024479166666666666 0.0784313725490196
0 0.5411458333333333 0.6437908496732027 0.019791666666666666 0.058823529411764705
0 0.6151041666666667 0.6535947712418301 0.027083333333333334 0.0784313725490196
0 0.6510416666666666 0.6535947712418301 0.029166666666666667 0.0784313725490196
0 0.6630208333333333 0.6372549019607843 0.008333333333333333 0.16339869281045752
0 0.6872395833333333 0.6437908496732027 0.0359375 0.058823529411764705
0 0.7364583333333333 0.6437908496732027 0.03958333333333333 0.058823529411764705
0 0.7776041666666667 0.6437908496732027 0.015625 0.058823529411764705
0 0.022135416666666668 0.7418300653594772 0.033854166666666664 0.16339869281045752
0 0.07005208333333333 0.7483660130718954 0.008854166666666666 0.058823529411764705
0 0.09244791666666667 0.7679738562091504 0.0296875 0.058823529411764705
0 0.16015625 0.7483660130718954 0.0026041666666666665 0.0196078431372549
0 0.18411458333333333 0.7483660130718954 0.0026041666666666665 0.0196078431372549
0 0.2203125 0.7516339869281046 0.036458333333333336 0.05228758169934641
0 0.3453125 0.7483660130718954 0.03958333333333333 0.058823529411764705
0 0.39375 0.7483660130718954 0.041666666666666664 0.058823529411764705
0 0.41380208333333335 0.7418300653594772 0.0015625 0.16339869281045752
0 0.42213541666666665 0.7418300653594772 0.008854166666666666 0.16339869281045752
0 0.43463541666666666 0.7418300653594772 0.011979166666666667 0.16339869281045752
0 0.46015625 0.7222222222222222 0.033854166666666664 0.058823529411764705
0 0.48359375 0.7222222222222222 0.0026041666666666665 0.0196078431372549
0 0.5158854166666667 0.7483660130718954 0.0026041666666666665 0.0196078431372549
0 0.5408854166666667 0.7483660130718954 0.0026041666666666665 0.0196078431372549
0 0.61484375 0.7483660130718954 0.0026041666666666665 0.0196078431372549
0 0.64921875 0.7516339869281046 0.019270833333333334 0.05228758169934641
0 0.6875 0.7483660130718954 0.034375 0.058823529411764705
0 0.7205729166666667 0.7581699346405228 0.0140625 0.0392156862745098
0 0.7458333333333333 0.7418300653594772 0.028125 0.16339869281045752
0 0.7776041666666667 0.7483660130718954 0.011458333333333333 0.058823529411764705
0 0.071875 0.869281045751634 0.030208333333333334 0.1830065359477124
0 0.17135416666666667 0.8823529411764706 0.01875 0.06535947712418301
0 0.28359375 0.8758169934640523 0.03697916666666667 0.05228758169934641
0 0.43020833333333336 0.8758169934640523 0.011458333333333333 0.05228758169934641
0 0.49609375 0.8790849673202614 0.0036458333333333334 0.0457516339869281
0 0.5486979166666667 0.8758169934640523 0.0359375 0.1830065359477124
0 0.6153645833333333 0.8823529411764706 0.025520833333333333 0.06535947712418301
0 0.67109375 0.8790849673202614 0.022395833333333334 0.0718954248366013
0 0.7260416666666667 0.8758169934640523 0.022916666666666665 0.05228758169934641
0 0.7494791666666667 0.8888888888888888 0.01875 0.05228758169934641
0 0.7778645833333333 0.8758169934640523 0.0234375 0.05228758169934641
