0 0.18697916666666667 0.09655172413793103 0.0375 0.08275862068965517
0 0.21223958333333334 0.08620689655172414 0.008854166666666666 0.06206896551724138
0 0.23098958333333333 0.08620689655172414 0.024479166666666666 0.06206896551724138
0 0.2484375 0.08620689655172414 0.00625 0.06206896551724138
0 0.26510416666666664 0.08620689655172414 0.021875 0.06206896551724138
0 0.28177083333333336 0.08620689655172414 0.00625 0.06206896551724138
0 0.28880208333333335 0.08620689655172414 0.0036458333333333334 0.06206896551724138
0 0.3046875 0.0896551724137931 0.022916666666666665 0.05517241379310345
0 0.33671875 0.09655172413793103 0.0359375 0.08275862068965517
0 0.365625 0.09310344827586207 0.017708333333333333 0.07586206896551724
0 0.3796875 0.08620689655172414 0.00625 0.06206896551724138
0 0.4036458333333333 0.09655172413793103 0.0375 0.08275862068965517
0 0.42604166666666665 0.09310344827586207 0.0010416666666666667 0.006896551724137931
0 0.4359375 0.08620689655172414 0.014583333333333334 0.06206896551724138
0 0.05182291666666667 0.25862068965517243 0.024479166666666666 0.06206896551724138
0 0.09427083333333333 0.25862068965517243 0.030208333333333334 0.06206896551724138
0 0.13984375 0.2482758620689655 0.028645833333333332 0.08275862068965517
0 0.17682291666666666 0.25862068965517243 0.013020833333333334 0.06206896551724138
0 0.18880208333333334 0.25862068965517243 0.0067708333333333336 0.06206896551724138
0 0.20208333333333334 0.25862068965517243 0.014583333333333334 0.06206896551724138
0 0.5533854166666666 0.0896551724137931 0.018229166666666668 0.05517241379310345
0 0.56796875 0.0896551724137931 0.0067708333333333336 0.05517241379310345
0 0.584375 0.0896551724137931 0.022916666666666665 0.05517241379310345
0 0.2421875 0.2482758620689655 0.034375 0.08275862068965517
0 0.29609375 0.25862068965517243 0.0421875 0.06206896551724138
0 0.32708333333333334 0.2620689655172414 0.00625 0.16551724137931034
0 0.3453125 0.2482758620689655 0.025 0.08275862068965517
0 0.38958333333333334 0.25862068965517243 0.03229166666666667 0.06206896551724138
0 0.9315104166666667 0.07586206896551724 0.0036458333333333334 0.06896551724137931
0 0.96171875 0.0896551724137931 0.0046875 0.013793103448275862
0 0.9921875 0.07586206896551724 0.005208333333333333 0.06896551724137931
0 0.4434895833333333 0.2482758620689655 0.044270833333333336 0.08275862068965517
0 0.496875 0.25862068965517243 0.03125 0.06206896551724138
0 0.5440104166666667 0.2482758620689655 0.028645833333333332 0.08275862068965517
0 0.5921875 0.25862068965517243 0.035416666666666666 0.06206896551724138
0 0.97734375 0.25517241379310346 0.0453125 0.16551724137931034
0 0.9942708333333333 0.25517241379310346 0.011458333333333333 0.2206896551724138
0 0.1296875 0.4 0.0020833333333333333 0.027586206896551724
0 0.14895833333333333 0.4241379310344828 0.010416666666666666 0.034482758620689655
0 0.43697916666666664 0.4517241379310345 0.0020833333333333333 0.034482758620689655
0 0.46927083333333336 0.4586206896551724 0.003125 0.034482758620689655
0 0.53828125 0.46551724137931033 0.0026041666666666665 0.020689655172413793
0 0.64609375 0.4379310344827586 0.030729166666666665 0.0896551724137931
0 0.68046875 0.4379310344827586 0.016145833333333335 0.10344827586206896
0 0.7421875 0.44482758620689655 0.00625 0.0896551724137931
0 0.815625 0.43448275862068964 0.008333333333333333 0.06896551724137931
0 0.08723958333333333 0.5344827586206896 0.0015625 0.020689655172413793
0 0.12057291666666667 0.4862068965517241 0.0171875 0.2413793103448276
0 0.16692708333333334 0.5103448275862069 0.025520833333333333 0.013793103448275862
0 0.27057291666666666 0.49310344827586206 0.005729166666666666 0.06206896551724138
0 0.30625 0.4689655172413793 0.007291666666666667 0.20689655172413793
0 0.4390625 0.4793103448275862 0.010416666666666666 0.22758620689655173
0 0.48385416666666664 0.496551724137931 0.03229166666666667 0.1103448275862069
0 0.51171875 0.4827586206896552 0.011979166666666667 0.20689655172413793
0 0.5247395833333334 0.5103448275862069 0.0067708333333333336 0.041379310344827586
0 0.53828125 0.5344827586206896 0.0026041666666666665 0.020689655172413793
0 0.58046875 0.496551724137931 0.06302083333333333 0.1103448275862069
0 0.590625 0.4827586206896552 0.005208333333333333 0.20689655172413793
0 0.60390625 0.496551724137931 0.016145833333333335 0.1103448275862069
0 0.68125 0.47586206896551725 0.017708333333333333 0.20689655172413793
0 0.7739583333333333 0.4827586206896552 0.007291666666666667 0.20689655172413793
0 0.8106770833333333 0.5206896551724138 0.0067708333333333336 0.04827586206896552
0 0.8440104166666667 0.5172413793103449 0.0067708333333333336 0.08275862068965517
0 0.09010416666666667 0.5896551724137931 0.014583333333333334 0.296551724137931
0 0.184375 0.5517241379310345 0.015625 0.1103448275862069
0 0.21979166666666666 0.6551724137931034 0.0010416666666666667 0.013793103448275862
0 0.2453125 0.6551724137931034 0.0010416666666666667 0.013793103448275862
0 0.27447916666666666 0.6551724137931034 0.0010416666666666667 0.013793103448275862
0 0.64609375 0.596551724137931 0.030729166666666665 0.0896551724137931
0 0.7421875 0.5482758620689655 0.005208333333333333 0.0896551724137931
0 0.8143229166666667 0.5241379310344828 0.015104166666666667 0.1103448275862069
0 0.0203125 0.6793103448275862 0.03333333333333333 0.06206896551724138
0 0.05520833333333333 0.6793103448275862 0.028125 0.06206896551724138
0 0.10364583333333334 0.6896551724137931 0.06041666666666667 0.08275862068965517
0 0.15104166666666666 0.6793103448275862 0.021875 0.06206896551724138
0 0.18385416666666668 0.6896551724137931 0.028125 0.08275862068965517
0 0.23541666666666666 0.6793103448275862 0.051041666666666666 0.06206896551724138
0 0.27369791666666665 0.6793103448275862 0.018229166666666668 0.06206896551724138
0 0.31744791666666666 0.6793103448275862 0.05364583333333333 0.06206896551724138
0 0.36276041666666664 0.6793103448275862 0.028645833333333332 0.06206896551724138
0 0.39791666666666664 0.6793103448275862 0.030208333333333334 0.06206896551724138
0 0.44036458333333334 0.6896551724137931 0.03177083333333333 0.08275862068965517
0 0.471875 0.7103448275862069 0.008333333333333333 0.1103448275862069
0 0.490625 0.6689655172413793 0.021875 0.2482758620689655
0 0.51796875 0.7206896551724138 0.021354166666666667 0.07586206896551724
0 0.53828125 0.6793103448275862 0.0026041666666666665 0.020689655172413793
0 0.553125 0.6689655172413793 0.00625 0.2482758620689655
0 0.5901041666666667 0.7137931034482758 0.06145833333333333 0.06206896551724138
0 0.590625 0.6689655172413793 0.00625 0.2482758620689655
0 0.6088541666666667 0.7068965517241379 0.023958333333333335 0.10344827586206896
0 0.6802083333333333 0.6793103448275862 0.030208333333333334 0.06206896551724138
0 0.7130208333333333 0.6896551724137931 0.028125 0.08275862068965517
0 0.725 0.6620689655172414 0.00625 0.23448275862068965
0 0.7442708333333333 0.6793103448275862 0.0125 0.06206896551724138
0 0.778125 0.6896551724137931 0.029166666666666667 0.08275862068965517
0 0.8145833333333333 0.6620689655172414 0.025 0.23448275862068965
0 0.8419270833333333 0.6793103448275862 0.021354166666666667 0.06206896551724138
0 0.020052083333333335 0.7896551724137931 0.0026041666666666665 0.020689655172413793
0 0.05520833333333333 0.7827586206896552 0.030208333333333334 0.1724137931034483
0 0.11119791666666666 0.8 0.005729166666666666 0.041379310344827586
0 0.1265625 0.7896551724137931 0.019791666666666666 0.06206896551724138
0 0.18359375 0.7896551724137931 0.0026041666666666665 0.020689655172413793
0 0.21927083333333333 0.7896551724137931 0.027083333333333334 0.06206896551724138
0 0.24921875 0.7896551724137931 0.021354166666666667 0.06206896551724138
0 0.2765625 0.8 0.019791666666666666 0.08275862068965517
0 0.28932291666666665 0.7827586206896552 0.0026041666666666665 0.1724137931034483
0 0.30078125 0.7896551724137931 0.0203125 0.06206896551724138
0 0.39765625 0.7896551724137931 0.025520833333333333 0.06206896551724138
0 0.44036458333333334 0.803448275862069 0.0390625 0.07586206896551724
0 0.53828125 0.7482758620689656 0.0026041666666666665 0.020689655172413793
0 0.05182291666666667 0.9241379310344827 0.0203125 0.05517241379310345
0 0.13515625 0.9241379310344827 0.022395833333333334 0.05517241379310345
0 0.7033854166666667 0.7896551724137931 0.0036458333333333334 0.06206896551724138
0 0.71640625 0.7896551724137931 0.0171875 0.06206896551724138
0 0.76328125 0.7862068965517242 0.0171875 0.19310344827586207
0 0.7869791666666667 0.7862068965517242 0.023958333333333335 0.19310344827586207
0 0.8145833333333333 0.7931034482758621 0.020833333333333332 0.05517241379310345
0 0.21953125 0.9310344827586207 0.016145833333333335 0.06896551724137931
0 0.23255208333333333 0.9241379310344827 0.0046875 0.05517241379310345
0 0.24869791666666666 0.9241379310344827 0.0234375 0.05517241379310345
0 0.3106770833333333 0.9275862068965517 0.0036458333333333334 0.04827586206896552
0 0.3658854166666667 0.9241379310344827 0.0265625 0.05517241379310345
0 0.79375 0.9206896551724137 0.022916666666666665 0.06206896551724138
0 0.64609375 0.7551724137931034 0.030729166666666665 0.0896551724137931
0 0.68046875 0.7896551724137931 0.021354166666666667 0.06206896551724138
0 0.50078125 0.9241379310344827 0.013020833333333334 0.05517241379310345
0 0.5127604166666667 0.9241379310344827 0.005729166666666666 0.05517241379310345
0 0.5200520833333333 0.9241379310344827 0.0036458333333333334 0.05517241379310345
0 0.5325520833333334 0.9241379310344827 0.016145833333333335 0.05517241379310345
0 0.62265625 0.9275862068965517 0.0036458333333333334 0.04827586206896552
0 0.67890625 0.9310344827586207 0.030729166666666665 0.06896551724137931
