0 0.027083333333333334 0.07333333333333333 0.04375 0.10666666666666667
0 0.06015625 0.07 0.0067708333333333336 0.08666666666666667
0 0.08072916666666667 0.07333333333333333 0.016666666666666666 0.10666666666666667
0 0.18567708333333333 0.08333333333333333 0.0390625 0.16666666666666666
0 0.21223958333333334 0.08333333333333333 0.0078125 0.06
0 0.23098958333333333 0.08333333333333333 0.0234375 0.06
0 0.24869791666666666 0.08333333333333333 0.0046875 0.06
0 0.26510416666666664 0.08333333333333333 0.021875 0.16666666666666666
0 0.2799479166666667 0.08333333333333333 0.0026041666666666665 0.06
0 0.2877604166666667 0.08333333333333333 0.0046875 0.06
0 0.3046875 0.08666666666666667 0.022916666666666665 0.05333333333333334
0 0.33697916666666666 0.09333333333333334 0.034375 0.08
0 0.3651041666666667 0.09 0.016666666666666666 0.07333333333333333
0 0.3796875 0.08333333333333333 0.00625 0.06
0 0.4036458333333333 0.08333333333333333 0.0375 0.16666666666666666
0 0.4270833333333333 0.08333333333333333 0.004166666666666667 0.16666666666666666
0 0.44088541666666664 0.08333333333333333 0.0046875 0.06
0 0.5520833333333334 0.08 0.019791666666666666 0.16
0 0.5682291666666667 0.08666666666666667 0.00625 0.05333333333333334
0 0.5846354166666666 0.08 0.022395833333333334 0.16
0 0.9466145833333334 0.07333333333333333 0.0067708333333333336 0.06666666666666667
0 0.96171875 0.08666666666666667 0.0046875 0.013333333333333334
0 0.9921875 0.07333333333333333 0.005208333333333333 0.06666666666666667
0 0.0515625 0.25 0.023958333333333335 0.06
0 0.09427083333333333 0.25 0.030208333333333334 0.06
0 0.13984375 0.25 0.028645833333333332 0.06
0 0.18958333333333333 0.25 0.03854166666666667 0.06
0 0.2421875 0.25 0.034375 0.06
0 0.29583333333333334 0.25 0.041666666666666664 0.06
0 0.3453125 0.25 0.025 0.06
0 0.3893229166666667 0.25 0.03177083333333333 0.06
0 0.4434895833333333 0.25 0.044270833333333336 0.06
0 0.496875 0.25 0.03125 0.06
0 0.5223958333333333 0.21333333333333335 0.004166666666666667 0.29333333333333333
0 0.5440104166666667 0.24 0.028645833333333332 0.08
0 0.5921875 0.25 0.035416666666666666 0.06
0 0.9690104166666667 0.24333333333333335 0.028645833333333332 0.06
0 0.016145833333333335 0.4266666666666667 0.021875 0.04
0 0.042708333333333334 0.43 0.023958333333333335 0.06
0 0.065625 0.4266666666666667 0.004166666666666667 0.04
0 0.08359375 0.42 0.022395833333333334 0.21333333333333335
0 0.109375 0.43 0.020833333333333332 0.06
0 0.7794270833333333 0.43 0.0796875 0.02
0 0.0171875 0.5166666666666667 0.007291666666666667 0.19333333333333333
0 0.036458333333333336 0.5833333333333334 0.013541666666666667 0.06
0 0.07447916666666667 0.59 0.005208333333333333 0.14
0 0.10442708333333334 0.59 0.0026041666666666665 0.14
0 0.5294270833333333 0.5233333333333333 0.0203125 0.02
0 0.63359375 0.5 0.0036458333333333334 0.06666666666666667
0 0.6809895833333334 0.5 0.015104166666666667 0.30666666666666664
0 0.7403645833333333 0.5866666666666667 0.0078125 0.13333333333333333
0 0.022395833333333334 0.5933333333333334 0.011458333333333333 0.04
0 0.037760416666666664 0.5866666666666667 0.0078125 0.05333333333333334
0 0.08515625 0.5933333333333334 0.018229166666666668 0.04
0 0.10755208333333334 0.57 0.021354166666666667 0.22
0 0.5294270833333333 0.5766666666666667 0.0203125 0.02
0 0.6333333333333333 0.5766666666666667 0.003125 0.006666666666666667
0 0.6622395833333333 0.5833333333333334 0.0026041666666666665 0.02
0 0.7877604166666666 0.5833333333333334 0.06302083333333333 0.02
0 0.01953125 0.6033333333333334 0.0026041666666666665 0.06
0 0.5294270833333333 0.6566666666666666 0.0203125 0.07333333333333333
0 0.63359375 0.6533333333333333 0.0036458333333333334 0.06666666666666667
0 0.6817708333333333 0.6566666666666666 0.026041666666666668 0.06
0 0.7153645833333333 0.6666666666666666 0.0234375 0.08
0 0.7255208333333333 0.64 0.00625 0.22666666666666666
0 0.746875 0.59 0.005208333333333333 0.07333333333333333
0 0.8565104166666667 0.6566666666666666 0.06614583333333333 0.06
0 0.8572916666666667 0.6466666666666666 0.011458333333333333 0.21333333333333335
0 0.86796875 0.6466666666666666 0.0046875 0.21333333333333335
0 0.8809895833333333 0.6566666666666666 0.0171875 0.06
0 0.030208333333333334 0.7466666666666667 0.009375 0.04
0 0.052083333333333336 0.7366666666666667 0.008333333333333333 0.06
0 0.08463541666666667 0.7366666666666667 0.024479166666666666 0.06
0 0.68203125 0.7633333333333333 0.0171875 0.06
0 0.71171875 0.7633333333333333 0.018229166666666668 0.06
0 0.7567708333333333 0.7366666666666667 0.07083333333333333 0.11333333333333333
0 0.76875 0.7133333333333334 0.007291666666666667 0.26666666666666666
0 0.7833333333333333 0.7133333333333334 0.019791666666666666 0.26666666666666666
0 0.8604166666666667 0.7633333333333333 0.053125 0.06
0 0.03854166666666667 0.9 0.020833333333333332 0.06666666666666667
0 0.054427083333333334 0.8933333333333333 0.005729166666666666 0.05333333333333334
0 0.06536458333333334 0.9 0.0109375 0.06666666666666667
0 0.0765625 0.8933333333333333 0.004166666666666667 0.05333333333333334
0 0.09114583333333333 0.8933333333333333 0.019791666666666666 0.05333333333333334
0 0.39869791666666665 0.9 0.0140625 0.06666666666666667
0 0.4114583333333333 0.8933333333333333 0.005208333333333333 0.05333333333333334
0 0.42604166666666665 0.8933333333333333 0.019791666666666666 0.05333333333333334
0 0.7919270833333333 0.8933333333333333 0.0234375 0.05333333333333334
0 0.8893229166666666 0.8966666666666666 0.0036458333333333334 0.04666666666666667
0 0.9924479166666667 0.8933333333333333 0.0046875 0.04
