0 0.2838541666666667 0.04946524064171123 0.04583333333333333 0.09893048128342247
0 0.3229166666666667 0.04946524064171123 0.025 0.09893048128342247
0 0.34375 0.058823529411764705 0.009375 0.0481283422459893
0 0.28229166666666666 0.27406417112299464 0.04479166666666667 0.07219251336898395
0 0.2747395833333333 0.4692513368983957 0.027604166666666666 0.045454545454545456
0 0.30755208333333334 0.47593582887700536 0.030729166666666665 0.06417112299465241
0 0.3377604166666667 0.4679144385026738 0.021354166666666667 0.0481283422459893
0 0.27057291666666666 0.7219251336898396 0.019270833333333334 0.0427807486631016
0 0.2908854166666667 0.7085561497326203 0.011979166666666667 0.0481283422459893
0 0.3223958333333333 0.7192513368983957 0.04375 0.058823529411764705
0 0.2825520833333333 0.7887700534759359 0.044270833333333336 0.0481283422459893
0 0.32760416666666664 0.7967914438502673 0.03854166666666667 0.06417112299465241
0 0.27708333333333335 0.8770053475935828 0.03333333333333333 0.06417112299465241
0 0.30494791666666665 0.8770053475935828 0.013020833333333334 0.03208556149732621
0 0.33046875 0.8689839572192514 0.0296875 0.0481283422459893
0 0.28229166666666666 0.9491978609625669 0.042708333333333334 0.0481283422459893
0 0.3106770833333333 0.9491978609625669 0.0046875 0.0481283422459893
0 0.3294270833333333 0.9491978609625669 0.024479166666666666 0.0481283422459893
0 0.34739583333333335 0.9491978609625669 0.003125 0.0481283422459893
0 0.56171875 0.0213903743315508 0.019270833333333334 0.026737967914438502
0 0.57734375 0.0213903743315508 0.0078125 0.016042780748663103
0 0.58515625 0.01871657754010695 0.0036458333333333334 0.0213903743315508
0 0.5989583333333334 0.017379679144385027 0.01875 0.02406417112299465
0 0.5609375 0.053475935828877004 0.027083333333333334 0.0213903743315508
0 0.5802083333333333 0.05614973262032086 0.00625 0.016042780748663103
0 0.5950520833333334 0.053475935828877004 0.018229166666666668 0.0213903743315508
0 0.609375 0.053475935828877004 0.00625 0.0213903743315508
0 0.5546875 0.08823529411764706 0.021875 0.0213903743315508
0 0.5744791666666667 0.09358288770053476 0.0125 0.0213903743315508
0 0.5955729166666667 0.09090909090909091 0.025520833333333333 0.026737967914438502
0 0.6135416666666667 0.08823529411764706 0.00625 0.0213903743315508
0 0.5809895833333333 0.12299465240641712 0.0234375 0.0213903743315508
0 0.5299479166666666 0.26737967914438504 0.0109375 0.053475935828877004
0 0.465625 0.37566844919786097 0.053125 0.00267379679144385
0 0.5299479166666666 0.40106951871657753 0.0109375 0.053475935828877004
0 0.44140625 0.4625668449197861 0.021354166666666667 0.026737967914438502
0 0.46510416666666665 0.5133689839572193 0.034375 0.026737967914438502
0 0.44114583333333335 0.5668449197860963 0.019791666666666666 0.026737967914438502
0 0.5651041666666666 0.5614973262032086 0.009375 0.0481283422459893
0 0.59765625 0.5614973262032086 0.0109375 0.0481283422459893
0 0.44453125 0.6283422459893048 0.011979166666666667 0.026737967914438502
0 0.5325520833333334 0.6550802139037433 0.0265625 0.058823529411764705
0 0.54921875 0.6510695187165776 0.0015625 0.02406417112299465
0 0.43828125 0.7018716577540107 0.0140625 0.06149732620320856
0 0.5325520833333334 0.7018716577540107 0.022395833333333334 0.029411764705882353
0 0.5427083333333333 0.7072192513368984 0.005208333333333333 0.06149732620320856
0 0.5596354166666667 0.7058823529411765 0.0265625 0.0213903743315508
0 0.6330729166666667 0.7058823529411765 0.0036458333333333334 0.0106951871657754
0 0.46510416666666665 0.7446524064171123 0.020833333333333332 0.09358288770053476
0 0.6182291666666667 0.7727272727272727 0.0375 0.0481283422459893
0 0.5791666666666667 0.8823529411764706 0.007291666666666667 0.0213903743315508
0 0.62265625 0.8823529411764706 0.021354166666666667 0.0213903743315508
0 0.6544270833333333 0.47593582887700536 0.0109375 0.03208556149732621
0 0.6518229166666667 0.5735294117647058 0.0015625 0.013368983957219251
0 0.66171875 0.5481283422459893 0.008854166666666666 0.0481283422459893
0 0.67890625 0.5561497326203209 0.016145833333333335 0.03208556149732621
0 0.6734375 0.6283422459893048 0.040625 0.0481283422459893
0 0.6552083333333333 0.7165775401069518 0.005208333333333333 0.03208556149732621
0 0.6565104166666667 0.7887700534759359 0.011979166666666667 0.0481283422459893
0 0.6791666666666667 0.7914438502673797 0.025 0.0427807486631016
0 0.6658854166666667 0.8770053475935828 0.030729166666666665 0.06417112299465241
0 0.6942708333333333 0.8770053475935828 0.016666666666666666 0.06417112299465241
0 0.66875 0.9652406417112299 0.03125 0.0481283422459893
