0 0.3807291666666667 0.03713527851458886 0.0375 0.03183023872679045
0 0.40598958333333335 0.033156498673740056 0.008854166666666666 0.023872679045092837
0 0.42473958333333334 0.033156498673740056 0.024479166666666666 0.023872679045092837
0 0.4421875 0.033156498673740056 0.00625 0.023872679045092837
0 0.4588541666666667 0.033156498673740056 0.022916666666666665 0.023872679045092837
0 0.47552083333333334 0.033156498673740056 0.00625 0.023872679045092837
0 0.4825520833333333 0.033156498673740056 0.0036458333333333334 0.023872679045092837
0 0.4981770833333333 0.034482758620689655 0.0234375 0.021220159151193633
0 0.53046875 0.03713527851458886 0.0359375 0.03183023872679045
0 0.559375 0.03580901856763926 0.017708333333333333 0.029177718832891247
0 0.5734375 0.033156498673740056 0.00625 0.023872679045092837
0 0.5973958333333333 0.03713527851458886 0.0375 0.03183023872679045
0 0.6200520833333333 0.03580901856763926 0.0005208333333333333 0.002652519893899204
0 0.6296875 0.033156498673740056 0.014583333333333334 0.023872679045092837
0 0.9466145833333334 0.029177718832891247 0.0036458333333333334 0.026525198938992044
0 0.9690104166666667 0.09681697612732096 0.028645833333333332 0.023872679045092837
0 0.99375 0.09814323607427056 0.0125 0.0636604774535809
0 0.03125 0.22679045092838196 0.035416666666666666 0.023872679045092837
0 0.13880208333333333 0.21485411140583555 0.10677083333333333 0.07957559681697612
0 0.026041666666666668 0.3275862068965517 0.023958333333333335 0.023872679045092837
0 0.11770833333333333 0.3713527851458886 0.06458333333333334 0.05305039787798409
0 0.16197916666666667 0.363395225464191 0.015625 0.042440318302387266
0 0.1953125 0.363395225464191 0.042708333333333334 0.042440318302387266
0 0.22630208333333332 0.363395225464191 0.0109375 0.042440318302387266
0 0.2559895833333333 0.363395225464191 0.0390625 0.042440318302387266
0 0.28515625 0.363395225464191 0.0109375 0.042440318302387266
0 0.2984375 0.363395225464191 0.00625 0.042440318302387266
0 0.3263020833333333 0.363395225464191 0.04010416666666667 0.042440318302387266
0 0.38255208333333335 0.37002652519893897 0.06197916666666667 0.05570291777188329
0 0.022395833333333334 0.42838196286472147 0.016666666666666666 0.07692307692307693
0 0.09010416666666667 0.43103448275862066 0.005208333333333333 0.023872679045092837
0 0.09635416666666667 0.4350132625994695 0.003125 0.010610079575596816
0 0.1140625 0.43103448275862066 0.028125 0.023872679045092837
0 0.13125 0.4350132625994695 0.0020833333333333333 0.010610079575596816
0 0.14661458333333333 0.43103448275862066 0.0234375 0.023872679045092837
0 0.16354166666666667 0.4350132625994695 0.00625 0.015915119363395226
0 0.17786458333333333 0.4350132625994695 0.0171875 0.03183023872679045
0 0.20703125 0.4350132625994695 0.0359375 0.03183023872679045
0 0.028385416666666666 0.53315649867374 0.028645833333333332 0.03183023872679045
0 0.11927083333333334 0.5464190981432361 0.005208333333333333 0.010610079575596816
0 0.16822916666666668 0.519893899204244 0.023958333333333335 0.03713527851458886
0 0.18880208333333334 0.519893899204244 0.009895833333333333 0.03713527851458886
0 0.22447916666666667 0.5238726790450928 0.05416666666666667 0.050397877984084884
0 0.43776041666666665 0.5278514588859416 0.0390625 0.03713527851458886
0 0.45729166666666665 0.5225464190981433 0.004166666666666667 0.06896551724137931
0 0.12109375 0.5769230769230769 0.008854166666666666 0.03978779840848806
0 0.16875 0.5742705570291777 0.025 0.09283819628647215
0 0.19661458333333334 0.5742705570291777 0.024479166666666666 0.09283819628647215
0 0.25416666666666665 0.5822281167108754 0.0875 0.023872679045092837
0 0.2596354166666667 0.5742705570291777 0.0109375 0.09283819628647215
0 0.2825520833333333 0.5742705570291777 0.0296875 0.09283819628647215
0 0.3067708333333333 0.5901856763925729 0.011458333333333333 0.023872679045092837
0 0.3221354166666667 0.5742705570291777 0.0140625 0.09283819628647215
0 0.33567708333333335 0.5742705570291777 0.0078125 0.09283819628647215
0 0.35651041666666666 0.5862068965517241 0.028645833333333332 0.03183023872679045
0 0.425 0.5901856763925729 0.014583333333333334 0.023872679045092837
0 0.50703125 0.5928381962864722 0.0203125 0.029177718832891247
0 0.028385416666666666 0.6339522546419099 0.028645833333333332 0.03183023872679045
0 0.05078125 0.6339522546419099 0.011979166666666667 0.015915119363395226
0 0.128125 0.6472148541114059 0.003125 0.015915119363395226
0 0.165625 0.623342175066313 0.01875 0.07957559681697612
0 0.18411458333333333 0.6286472148541115 0.0109375 0.015915119363395226
0 0.20442708333333334 0.623342175066313 0.024479166666666666 0.07957559681697612
0 0.22447916666666667 0.6286472148541115 0.010416666666666666 0.015915119363395226
0 0.23619791666666667 0.623342175066313 0.0078125 0.07957559681697612
0 0.25442708333333336 0.623342175066313 0.021354166666666667 0.07957559681697612
0 0.28177083333333336 0.623342175066313 0.029166666666666667 0.07957559681697612
0 0.3111979166666667 0.623342175066313 0.022395833333333334 0.07957559681697612
0 0.3265625 0.6246684350132626 0.005208333333333333 0.023872679045092837
0 0.3463541666666667 0.6286472148541115 0.029166666666666667 0.015915119363395226
0 0.37057291666666664 0.6246684350132626 0.0140625 0.023872679045092837
0 0.3763020833333333 0.623342175066313 0.0067708333333333336 0.07957559681697612
0 0.4276041666666667 0.649867374005305 0.0125 0.015915119363395226
0 0.11380208333333333 0.6432360742705571 0.018229166666666668 0.023872679045092837
0 0.178125 0.6671087533156499 0.04479166666666667 0.023872679045092837
0 0.17760416666666667 0.6671087533156499 0.005208333333333333 0.07692307692307693
0 0.19140625 0.6671087533156499 0.018229166666666668 0.023872679045092837
0 0.20651041666666667 0.6671087533156499 0.0078125 0.07692307692307693
0 0.23359375 0.669761273209549 0.0421875 0.029177718832891247
0 0.2635416666666667 0.6710875331564987 0.0125 0.015915119363395226
0 0.29661458333333335 0.6710875331564987 0.049479166666666664 0.03183023872679045
0 0.29401041666666666 0.6671087533156499 0.0067708333333333336 0.07692307692307693
0 0.3104166666666667 0.6710875331564987 0.021875 0.03183023872679045
0 0.32526041666666666 0.6671087533156499 0.0036458333333333334 0.023872679045092837
0 0.3359375 0.6710875331564987 0.0125 0.015915119363395226
0 0.34713541666666664 0.6710875331564987 0.005729166666666666 0.015915119363395226
0 0.36041666666666666 0.6671087533156499 0.016666666666666666 0.023872679045092837
0 0.42291666666666666 0.649867374005305 0.009375 0.03183023872679045
0 0.5005208333333333 0.6458885941644562 0.00625 0.023872679045092837
0 0.025 0.7307692307692307 0.022916666666666665 0.023872679045092837
0 0.425 0.7002652519893899 0.013541666666666667 0.07957559681697612
0 0.5036458333333333 0.7015915119363395 0.0125 0.023872679045092837
0 0.02734375 0.7387267904509284 0.0234375 0.023872679045092837
0 0.4265625 0.7559681697612732 0.017708333333333333 0.07957559681697612
0 0.4440104166666667 0.7559681697612732 0.011979166666666667 0.07957559681697612
0 0.46432291666666664 0.7572944297082228 0.0234375 0.023872679045092837
0 0.49895833333333334 0.7559681697612732 0.015625 0.07957559681697612
0 0.5216145833333333 0.7599469496021221 0.0265625 0.029177718832891247
0 0.17578125 0.8183023872679045 0.0015625 0.007957559681697613
0 0.4239583333333333 0.8129973474801061 0.0125 0.023872679045092837
0 0.51640625 0.8169761273209549 0.03802083333333333 0.03183023872679045
0 0.5416666666666666 0.8129973474801061 0.009375 0.023872679045092837
0 0.5604166666666667 0.8129973474801061 0.025 0.023872679045092837
0 0.578125 0.8129973474801061 0.007291666666666667 0.023872679045092837
0 0.5916666666666667 0.8129973474801061 0.016666666666666666 0.023872679045092837
0 0.025260416666666667 0.8395225464190982 0.022395833333333334 0.06631299734748011
0 0.11770833333333333 0.8713527851458885 0.015625 0.08222811671087533
0 0.17447916666666666 0.8421750663129973 0.036458333333333336 0.04509283819628647
0 0.1984375 0.8355437665782494 0.00625 0.03713527851458886
0 0.2265625 0.8355437665782494 0.042708333333333334 0.03713527851458886
0 0.42083333333333334 0.850132625994695 0.009375 0.08222811671087533
0 0.5049479166666667 0.8687002652519894 0.015104166666666667 0.023872679045092837
0 0.5434895833333333 0.8687002652519894 0.011979166666666667 0.023872679045092837
0 0.43125 0.8673740053050398 0.009375 0.07957559681697612
0 0.5091145833333334 0.876657824933687 0.0171875 0.023872679045092837
0 0.5229166666666667 0.8726790450928382 0.00625 0.015915119363395226
0 0.5393229166666667 0.8726790450928382 0.021354166666666667 0.015915119363395226
0 0.16901041666666666 0.8978779840848806 0.025520833333333333 0.023872679045092837
0 0.18723958333333332 0.8978779840848806 0.0067708333333333336 0.023872679045092837
0 0.19947916666666668 0.903183023872679 0.014583333333333334 0.029177718832891247
0 0.21197916666666666 0.8978779840848806 0.00625 0.023872679045092837
0 0.2359375 0.8978779840848806 0.0375 0.023872679045092837
0 0.26171875 0.9058355437665783 0.009895833333333333 0.023872679045092837
0 0.2721354166666667 0.8978779840848806 0.0067708333333333336 0.023872679045092837
0 0.2921875 0.8978779840848806 0.029166666666666667 0.023872679045092837
0 0.31979166666666664 0.903183023872679 0.021875 0.029177718832891247
0 0.34401041666666665 0.903183023872679 0.0234375 0.029177718832891247
0 0.35859375 0.8978779840848806 0.0026041666666666665 0.023872679045092837
0 0.3653645833333333 0.9018567639257294 0.005729166666666666 0.015915119363395226
0 0.11276041666666667 0.9244031830238727 0.024479166666666666 0.08222811671087533
0 0.12942708333333333 0.9244031830238727 0.0046875 0.08222811671087533
0 0.17083333333333334 0.9230769230769231 0.029166666666666667 0.07957559681697612
0 0.43828125 0.9230769230769231 0.04010416666666667 0.07957559681697612
0 0.53359375 0.9283819628647215 0.07239583333333334 0.03183023872679045
0 0.5244791666666667 0.9230769230769231 0.009375 0.07957559681697612
0 0.55078125 0.9283819628647215 0.03802083333333333 0.03183023872679045
0 0.11484375 0.9774535809018567 0.028645833333333332 0.023872679045092837
0 0.13203125 0.9774535809018567 0.0026041666666666665 0.007957559681697613
