0 0.08833922261484099 0.06283422459893048 0.0706713780918728 0.02406417112299465
0 0.22084805653710246 0.06684491978609626 0.06713780918727916 0.016042780748663103
0 0.3462897526501767 0.06283422459893048 0.15547703180212014 0.02406417112299465
0 0.4823321554770318 0.07085561497326204 0.08833922261484099 0.02406417112299465
0 0.10070671378091872 0.13101604278074866 0.0812720848056537 0.0213903743315508
0 0.15724381625441697 0.12834224598930483 0.01060070671378092 0.0748663101604278
0 0.24734982332155478 0.13101604278074866 0.12014134275618374 0.0213903743315508
0 0.20141342756183744 0.25668449197860965 0.22614840989399293 0.026737967914438502
0 0.3215547703180212 0.2540106951871658 0.02120141342756184 0.0748663101604278
0 0.17314487632508835 0.3074866310160428 0.13427561837455831 0.0213903743315508
0 0.5070671378091873 0.3074866310160428 0.024734982332155476 0.0106951871657754
0 0.12014134275618374 0.37967914438502676 0.127208480565371 0.026737967914438502
0 0.5141342756183745 0.9278074866310161 0.053003533568904596 0.0213903743315508
0 0.6325088339222615 0.946524064171123 0.007067137809187279 0.0053475935828877
0 0.8109540636042403 0.9278074866310161 0.14487632508833923 0.0213903743315508
