0 0.23130434782608697 0.0959409594095941 0.14956521739130435 0.01845018450184502
0 0.24521739130434783 0.09225092250922509 0.020869565217391306 0.05166051660516605
0 0.2843478260869565 0.0959409594095941 0.043478260869565216 0.01845018450184502
0 0.06608695652173913 0.14391143911439114 0.04869565217391304 0.01845018450184502
0 0.2921739130434783 0.14391143911439114 0.04173913043478261 0.01845018450184502
0 0.5982608695652174 0.14391143911439114 0.06260869565217392 0.01845018450184502
0 0.15391304347826087 0.1974169741697417 0.06782608695652174 0.01845018450184502
0 0.1782608695652174 0.28413284132841327 0.11652173913043479 0.01845018450184502
0 0.17739130434782607 0.5433579335793358 0.11130434782608696 0.02029520295202952
0 0.0408695652173913 0.8819188191881919 0.0817391304347826 0.04428044280442804
0 0.12521739130434784 0.8819188191881919 0.05565217391304348 0.04428044280442804
0 0.21217391304347827 0.8763837638376384 0.09391304347826086 0.033210332103321034
0 0.0782608695652174 0.9372693726937269 0.1426086956521739 0.04428044280442804
0 0.1791304347826087 0.9317343173431735 0.03130434782608696 0.033210332103321034
0 0.23304347826086957 0.9372693726937269 0.06260869565217392 0.04428044280442804
0 0.7086956521739131 0.18081180811808117 0.06434782608695652 0.01845018450184502
0 0.7608695652173914 0.18081180811808117 0.02608695652173913 0.01107011070110701
0 0.7878260869565218 0.17896678966789667 0.01391304347826087 0.014760147601476014
0 0.8339130434782609 0.17804428044280443 0.06434782608695652 0.016605166051660517
0 0.7069565217391305 0.2029520295202952 0.09217391304347826 0.014760147601476014
0 0.7713043478260869 0.2047970479704797 0.022608695652173914 0.01107011070110701
0 0.82 0.2029520295202952 0.06086956521739131 0.014760147601476014
0 0.8686956521739131 0.2029520295202952 0.022608695652173914 0.014760147601476014
0 0.6852173913043478 0.22693726937269373 0.07304347826086957 0.014760147601476014
0 0.7513043478260869 0.23062730627306274 0.04173913043478261 0.014760147601476014
0 0.8217391304347826 0.22878228782287824 0.08521739130434783 0.01845018450184502
0 0.8817391304347826 0.22693726937269373 0.020869565217391306 0.014760147601476014
0 0.7730434782608696 0.25092250922509224 0.0782608695652174 0.014760147601476014
0 0.3869565217391304 0.5202952029520295 0.11652173913043479 0.01845018450184502
0 0.3060869565217391 0.5571955719557196 0.06608695652173913 0.01845018450184502
0 0.3165217391304348 0.5996309963099631 0.04173913043478261 0.01845018450184502
0 0.2965217391304348 0.6512915129151291 0.04695652173913043 0.01845018450184502
0 0.5982608695652174 0.6522140221402214 0.06260869565217392 0.03874538745387454
0 0.6434782608695652 0.6531365313653137 0.01391304347826087 0.014760147601476014
0 0.7017391304347826 0.6531365313653137 0.08869565217391304 0.014760147601476014
0 0.9469565217391305 0.6531365313653137 0.01217391304347826 0.007380073800738007
0 0.38956521739130434 0.6863468634686347 0.06260869565217392 0.01845018450184502
0 0.8965217391304348 0.7047970479704797 0.08521739130434783 0.01845018450184502
0 0.5730434782608695 0.8819188191881919 0.07478260869565218 0.04428044280442804
0 0.6426086956521739 0.8763837638376384 0.04 0.033210332103321034
0 0.7495652173913043 0.8763837638376384 0.14608695652173914 0.033210332103321034
0 0.8652173913043478 0.8763837638376384 0.057391304347826085 0.033210332103321034
0 0.9539130434782609 0.8763837638376384 0.09217391304347826 0.033210332103321034
