0 0.07899628252788105 0.09057971014492754 0.0687732342007435 0.018115942028985508
0 0.07899628252788105 0.13768115942028986 0.0687732342007435 0.018115942028985508
0 0.08736059479553904 0.1793478260869565 0.055762081784386616 0.018115942028985508
0 0.10037174721189591 0.2210144927536232 0.08178438661710037 0.018115942028985508
0 0.09758364312267657 0.2644927536231884 0.0762081784386617 0.018115942028985508
0 0.09851301115241635 0.30978260869565216 0.11152416356877323 0.014492753623188406
0 0.11245353159851301 0.3541666666666667 0.04275092936802974 0.012681159420289856
0 0.11338289962825279 0.375 0.03717472118959108 0.028985507246376812
0 0.11152416356877323 0.4384057971014493 0.07063197026022305 0.018115942028985508
0 0.07156133828996282 0.47644927536231885 0.05390334572490706 0.018115942028985508
0 0.09665427509293681 0.519927536231884 0.07434944237918216 0.018115942028985508
0 0.18401486988847585 0.519927536231884 0.08550185873605948 0.018115942028985508
0 0.266728624535316 0.5217391304347826 0.06505576208178439 0.014492753623188406
0 0.0762081784386617 0.6159420289855072 0.06691449814126393 0.018115942028985508
0 0.23605947955390336 0.4384057971014493 0.07434944237918216 0.018115942028985508
0 0.5176579925650557 0.1793478260869565 0.04275092936802974 0.018115942028985508
0 0.5306691449814126 0.2210144927536232 0.0687732342007435 0.018115942028985508
0 0.5362453531598513 0.2644927536231884 0.0762081784386617 0.018115942028985508
0 0.5929368029739777 0.26268115942028986 0.022304832713754646 0.014492753623188406
0 0.6189591078066915 0.26268115942028986 0.01486988847583643 0.014492753623188406
0 0.6682156133828996 0.26268115942028986 0.0687732342007435 0.014492753623188406
0 0.09014869888475836 0.8822463768115942 0.09479553903345725 0.018115942028985508
0 0.1533457249070632 0.8822463768115942 0.020446096654275093 0.010869565217391304
0 0.20724907063197026 0.8786231884057971 0.03531598513011153 0.014492753623188406
0 0.2704460966542751 0.8786231884057971 0.0762081784386617 0.014492753623188406
0 0.38011152416356875 0.8777173913043478 0.12825278810408922 0.016304347826086956
0 0.07063197026022305 0.9528985507246377 0.07434944237918216 0.050724637681159424
0 0.13289962825278812 0.9528985507246377 0.03531598513011153 0.050724637681159424
