0 0.587516960651289 0.08700440528634361 0.14654002713704206 0.019823788546255508
0 0.5807327001356852 0.08370044052863436 0.029850746268656716 0.07048458149779736
0 0.6099050203527816 0.08370044052863436 0.023066485753052916 0.07048458149779736
0 0.649932157394844 0.08370044052863436 0.037991858887381276 0.07048458149779736
0 0.6845318860244234 0.08920704845814978 0.0067842605156037995 0.006607929515418502
0 0.7123473541383989 0.08920704845814978 0.016282225237449117 0.028634361233480177
0 0.742876526458616 0.08920704845814978 0.014925373134328358 0.028634361233480177
0 0.7700135685210312 0.08920704845814978 0.0203527815468114 0.028634361233480177
0 0.816146540027137 0.0881057268722467 0.03934871099050204 0.039647577092511016
0 0.5393487109905021 0.1486784140969163 0.03934871099050204 0.019823788546255508
0 0.6241519674355496 0.14977973568281938 0.032564450474898234 0.03524229074889868
0 0.6777476255088195 0.14977973568281938 0.04748982360922659 0.03524229074889868
0 0.08276797829036635 0.22026431718061673 0.051560379918588875 0.02643171806167401
0 0.14382632293080055 0.22356828193832598 0.05698778833107191 0.037444933920704845
0 0.1994572591587517 0.22356828193832598 0.0407055630936228 0.019823788546255508
0 0.2327001356852103 0.21916299559471367 0.009497964721845319 0.028634361233480177
0 0.2883310719131615 0.22356828193832598 0.08548168249660787 0.037444933920704845
0 0.3521031207598372 0.21916299559471367 0.025780189959294438 0.028634361233480177
0 0.4158751696065129 0.22356828193832598 0.08548168249660787 0.037444933920704845
0 0.5454545454545454 0.22356828193832598 0.15739484396200815 0.037444933920704845
0 0.6431478968792401 0.21365638766519823 0.008141112618724558 0.01762114537444934
0 0.7123473541383989 0.21916299559471367 0.1112618724559023 0.028634361233480177
0 0.7876526458616011 0.21916299559471367 0.025780189959294438 0.028634361233480177
0 0.09633649932157395 0.10352422907488987 0.08412483039348712 0.039647577092511016
0 0.8120759837177748 0.14977973568281938 0.036635006784260515 0.022026431718061675
0 0.10379918588873813 0.2720264317180617 0.09362279511533243 0.037444933920704845
0 0.2265943012211669 0.2720264317180617 0.1383989145183175 0.037444933920704845
0 0.31275440976933516 0.2687224669603524 0.017639077340569877 0.02643171806167401
0 0.3337856173677069 0.26762114537444937 0.010854816824966078 0.028634361233480177
0 0.4077340569877883 0.26762114537444937 0.12075983717774763 0.028634361233480177
0 0.48778833107191316 0.26762114537444937 0.025780189959294438 0.028634361233480177
0 0.5251017639077341 0.2665198237885463 0.010854816824966078 0.06607929515418502
0 0.576662143826323 0.2555066079295154 0.051560379918588875 0.02643171806167401
0 0.7740841248303935 0.2698237885462555 0.028493894165535955 0.024229074889867842
0 0.8046132971506106 0.26762114537444937 0.016282225237449117 0.028634361233480177
0 0.8364993215739485 0.2720264317180617 0.031207598371777476 0.019823788546255508
0 0.09769335142469471 0.31387665198237885 0.0814111261872456 0.028634361233480177
0 0.15128900949796473 0.31387665198237885 0.009497964721845319 0.028634361233480177
0 0.20488466757123475 0.31387665198237885 0.0814111261872456 0.028634361233480177
0 0.2693351424694708 0.31387665198237885 0.031207598371777476 0.028634361233480177
0 0.31886024423337855 0.31387665198237885 0.051560379918588875 0.028634361233480177
0 0.4131614654002714 0.31828193832599116 0.12075983717774763 0.037444933920704845
0 0.4932157394843962 0.31938325991189426 0.023066485753052916 0.03524229074889868
0 0.5230664857530529 0.30616740088105726 0.0203527815468114 0.030837004405286344
0 0.573270013568521 0.30837004405286345 0.04748982360922659 0.02643171806167401
0 0.7645861601085482 0.31828193832599116 0.031207598371777476 0.019823788546255508
0 0.8263229308005428 0.31387665198237885 0.07598371777476255 0.028634361233480177
0 0.07462686567164178 0.3667400881057269 0.035278154681139755 0.019823788546255508
0 0.11261872455902307 0.3623348017621145 0.021709633649932156 0.028634361233480177
0 0.18181818181818182 0.368942731277533 0.10040705563093623 0.03303964757709251
0 0.2530529172320217 0.3667400881057269 0.023066485753052916 0.019823788546255508
0 0.2835820895522388 0.3623348017621145 0.021709633649932156 0.028634361233480177
0 0.35956580732700133 0.36784140969163 0.11397557666214382 0.03524229074889868
0 0.44029850746268656 0.3623348017621145 0.031207598371777476 0.028634361233480177
0 0.4843962008141113 0.3623348017621145 0.0407055630936228 0.028634361233480177
0 0.5244233378561737 0.3590308370044053 0.0203527815468114 0.030837004405286344
0 0.6241519674355496 0.36123348017621143 0.14654002713704206 0.02643171806167401
0 0.7605156037991859 0.3656387665198238 0.023066485753052916 0.022026431718061675
0 0.7883310719131614 0.3623348017621145 0.016282225237449117 0.028634361233480177
0 0.09701492537313433 0.40859030837004406 0.08276797829036635 0.028634361233480177
0 0.20963364993215738 0.4129955947136564 0.12890094979647218 0.037444933920704845
0 0.3113975576662144 0.40859030837004406 0.05834464043419267 0.028634361233480177
0 0.3710990502035278 0.40859030837004406 0.04477611940298507 0.028634361233480177
0 0.4097693351424695 0.40859030837004406 0.016282225237449117 0.028634361233480177
0 0.4654002713704206 0.4129955947136564 0.07869742198100407 0.037444933920704845
0 0.562415196743555 0.41740088105726875 0.028493894165535955 0.05066079295154185
0 0.762550881953867 0.4129955947136564 0.027137042062415198 0.019823788546255508
0 0.7951153324287653 0.40859030837004406 0.021709633649932156 0.028634361233480177
0 0.8371777476255088 0.40969162995594716 0.04613297150610583 0.02643171806167401
0 0.08683853459972862 0.46145374449339205 0.06241519674355495 0.037444933920704845
0 0.1390773405698779 0.46145374449339205 0.023066485753052916 0.019823788546255508
0 0.20420624151967434 0.46145374449339205 0.09090909090909091 0.037444933920704845
0 0.28222523744911804 0.45704845814977973 0.048846675712347354 0.028634361233480177
0 0.3521031207598372 0.46145374449339205 0.08005427408412483 0.019823788546255508
0 0.4966078697421981 0.4658590308370044 0.1926729986431479 0.046255506607929514
0 0.7957937584803256 0.46145374449339205 0.09090909090909091 0.037444933920704845
0 0.8649932157394844 0.46145374449339205 0.031207598371777476 0.037444933920704845
0 0.09701492537313433 0.5033039647577092 0.08005427408412483 0.028634361233480177
0 0.14993215739484397 0.5033039647577092 0.009497964721845319 0.028634361233480177
0 0.18453188602442333 0.5033039647577092 0.04341926729986431 0.028634361233480177
0 0.223202170963365 0.5033039647577092 0.017639077340569877 0.028634361233480177
0 0.26865671641791045 0.5077092511013216 0.05698778833107191 0.037444933920704845
0 0.3229308005427408 0.5033039647577092 0.021709633649932156 0.028634361233480177
0 0.4084124830393487 0.5033039647577092 0.13297150610583447 0.028634361233480177
0 0.4925373134328358 0.5077092511013216 0.018995929443690638 0.037444933920704845
0 0.5949796472184532 0.4922907488986784 0.004070556309362279 0.0022026431718061676
0 0.7985074626865671 0.5088105726872246 0.09633649932157395 0.03524229074889868
0 0.07598371777476255 0.5605726872246696 0.0407055630936228 0.028634361233480177
0 0.11397557666214382 0.551762114537445 0.016282225237449117 0.028634361233480177
0 0.19810040705563092 0.5561674008810573 0.1383989145183175 0.037444933920704845
0 0.291044776119403 0.5561674008810573 0.031207598371777476 0.037444933920704845
0 0.3548168249660787 0.552863436123348 0.08005427408412483 0.02643171806167401
0 0.4077340569877883 0.551762114537445 0.009497964721845319 0.028634361233480177
0 0.44301221166892807 0.551762114537445 0.04477611940298507 0.028634361233480177
0 0.4891451831750339 0.551762114537445 0.031207598371777476 0.028634361233480177
0 0.5909090909090909 0.5352422907488987 0.08005427408412483 0.02643171806167401
0 0.7924016282225237 0.551762114537445 0.08683853459972862 0.028634361233480177
0 0.12143826322930801 0.6035242290748899 0.12890094979647218 0.03524229074889868
0 0.2062415196743555 0.5980176211453745 0.024423337856173677 0.028634361233480177
0 0.26594301221166894 0.6024229074889867 0.07869742198100407 0.037444933920704845
0 0.3948439620081411 0.6024229074889867 0.1628222523744912 0.037444933920704845
0 0.5230664857530529 0.5903083700440529 0.0203527815468114 0.03524229074889868
0 0.573270013568521 0.5914096916299559 0.04748982360922659 0.024229074889867842
0 0.5909090909090909 0.6376651982378855 0.08276797829036635 0.07268722466960352
0 0.7313432835820896 0.6420704845814978 0.005427408412483039 0.015418502202643172
0 0.14721845318860244 0.7202643171806168 0.18588873812754408 0.06607929515418502
0 0.5237449118046132 0.7092511013215859 0.021709633649932156 0.06167400881057269
0 0.5793758480325645 0.697136563876652 0.05970149253731343 0.024229074889867842
0 0.5237449118046132 0.7533039647577092 0.021709633649932156 0.02643171806167401
0 0.5902306648575305 0.75 0.07869742198100407 0.024229074889867842
0 0.649932157394844 0.751101321585903 0.029850746268656716 0.013215859030837005
0 0.6865671641791045 0.751101321585903 0.029850746268656716 0.02643171806167401
0 0.5237449118046132 0.8061674008810573 0.021709633649932156 0.03524229074889868
0 0.5637720488466758 0.8072687224669604 0.028493894165535955 0.024229074889867842
0 0.621438263229308 0.8083700440528634 0.07327001356852103 0.02643171806167401
0 0.08276797829036635 0.8414096916299559 0.051560379918588875 0.02643171806167401
0 0.14382632293080055 0.8447136563876652 0.05698778833107191 0.037444933920704845
0 0.22048846675712347 0.8414096916299559 0.08005427408412483 0.02643171806167401
0 0.2734056987788331 0.8403083700440529 0.009497964721845319 0.028634361233480177
0 0.3168249660786974 0.8414096916299559 0.06377204884667571 0.02643171806167401
0 0.3683853459972863 0.8447136563876652 0.023066485753052916 0.019823788546255508
0 0.41655359565807326 0.8403083700440529 0.05970149253731343 0.028634361233480177
0 0.4626865671641791 0.8403083700440529 0.016282225237449117 0.028634361233480177
0 0.5067842605156038 0.8535242290748899 0.05563093622795115 0.037444933920704845
0 0.582089552238806 0.8601321585903083 0.06241519674355495 0.024229074889867842
0 0.6675712347354138 0.8590308370044053 0.09497964721845319 0.01762114537444934
0 0.7835820895522388 0.8403083700440529 0.05563093622795115 0.028634361233480177
0 0.830393487109905 0.8403083700440529 0.021709633649932156 0.028634361233480177
0 0.08683853459972862 0.8865638766519823 0.05970149253731343 0.028634361233480177
0 0.1519674355495251 0.8865638766519823 0.054274084124830396 0.028634361233480177
0 0.22523744911804613 0.8920704845814978 0.07598371777476255 0.03524229074889868
0 0.30800542740841247 0.8953744493392071 0.07327001356852103 0.028634361233480177
0 0.39348710990502034 0.8909691629955947 0.07869742198100407 0.037444933920704845
0 0.5223880597014925 0.8909691629955947 0.1628222523744912 0.037444933920704845
0 0.6702849389416553 0.8997797356828194 0.11397557666214382 0.019823788546255508
0 0.7727272727272727 0.8865638766519823 0.07191316146540028 0.028634361233480177
0 0.835820895522388 0.8865638766519823 0.0407055630936228 0.028634361233480177
0 0.10651289009497965 0.9361233480176211 0.10176390773405698 0.02643171806167401
0 0.17639077340569878 0.9350220264317181 0.021709633649932156 0.028634361233480177
0 0.22184531886024422 0.9361233480176211 0.052917232021709636 0.02643171806167401
0 0.29240162822252375 0.9350220264317181 0.06919945725915876 0.028634361233480177
0 0.38670284938941657 0.9394273127753304 0.10583446404341927 0.037444933920704845
0 0.48507462686567165 0.9394273127753304 0.07462686567164178 0.037444933920704845
0 0.5413839891451832 0.9350220264317181 0.021709633649932156 0.028634361233480177
0 0.6404341926729986 0.9405286343612335 0.16010854816824965 0.03524229074889868
0 0.746268656716418 0.9372246696035242 0.032564450474898234 0.024229074889867842
