0 0.029947916666666668 0.1976127320954907 0.011979166666666667 0.029177718832891247
0 0.024739583333333332 0.29708222811671087 0.021354166666666667 0.03183023872679045
0 0.10026041666666667 0.09018567639257294 0.0109375 0.07427055702917772
0 0.12447916666666667 0.06896551724137931 0.025 0.03183023872679045
0 0.14947916666666666 0.06896551724137931 0.021875 0.015915119363395226
0 0.16822916666666668 0.0649867374005305 0.0125 0.023872679045092837
0 0.10546875 0.11007957559681697 0.0046875 0.04509283819628647
0 0.11927083333333334 0.11273209549071618 0.014583333333333334 0.023872679045092837
0 0.13697916666666668 0.11803713527851459 0.017708333333333333 0.029177718832891247
0 0.15442708333333333 0.11671087533156499 0.013020833333333334 0.015915119363395226
0 0.17265625 0.11803713527851459 0.019270833333333334 0.029177718832891247
0 0.1984375 0.11273209549071618 0.029166666666666667 0.023872679045092837
0 0.21848958333333332 0.11273209549071618 0.0067708333333333336 0.023872679045092837
0 0.234375 0.11273209549071618 0.020833333333333332 0.023872679045092837
0 0.2520833333333333 0.11671087533156499 0.011458333333333333 0.03183023872679045
0 0.2671875 0.11671087533156499 0.014583333333333334 0.03183023872679045
0 0.11536458333333334 0.15251989389920426 0.0067708333333333336 0.023872679045092837
0 0.12265625 0.15251989389920426 0.0036458333333333334 0.023872679045092837
0 0.13619791666666667 0.15649867374005305 0.019270833333333334 0.015915119363395226
0 0.15546875 0.15251989389920426 0.015104166666666667 0.023872679045092837
0 0.16796875 0.15251989389920426 0.0067708333333333336 0.023872679045092837
0 0.18776041666666668 0.15251989389920426 0.028645833333333332 0.023872679045092837
0 0.20625 0.15384615384615385 0.005208333333333333 0.021220159151193633
0 0.21953125 0.15649867374005305 0.018229166666666668 0.03183023872679045
0 0.23411458333333332 0.15384615384615385 0.0078125 0.021220159151193633
0 0.24270833333333333 0.15649867374005305 0.00625 0.015915119363395226
0 0.25755208333333335 0.15251989389920426 0.018229166666666668 0.023872679045092837
0 0.2752604166666667 0.15251989389920426 0.0140625 0.023872679045092837
0 0.09817708333333333 0.2413793103448276 0.0109375 0.07427055702917772
0 0.1234375 0.22148541114058357 0.022916666666666665 0.029177718832891247
0 0.14322916666666666 0.22281167108753316 0.013541666666666667 0.015915119363395226
0 0.15755208333333334 0.22015915119363394 0.011979166666666667 0.021220159151193633
0 0.16875 0.21883289124668434 0.007291666666666667 0.023872679045092837
0 0.18177083333333333 0.22679045092838196 0.015625 0.023872679045092837
0 0.10364583333333334 0.2625994694960212 0.009375 0.04774535809018567
0 0.11927083333333334 0.26657824933687 0.014583333333333334 0.023872679045092837
0 0.13697916666666668 0.2718832891246684 0.017708333333333333 0.029177718832891247
0 0.15442708333333333 0.27055702917771884 0.013020833333333334 0.015915119363395226
0 0.17265625 0.2718832891246684 0.019270833333333334 0.029177718832891247
0 0.18723958333333332 0.26657824933687 0.0067708333333333336 0.023872679045092837
0 0.20416666666666666 0.27055702917771884 0.022916666666666665 0.03183023872679045
0 0.2203125 0.27055702917771884 0.00625 0.015915119363395226
0 0.23932291666666666 0.26657824933687 0.028645833333333332 0.023872679045092837
0 0.2598958333333333 0.27453580901856767 0.008333333333333333 0.023872679045092837
0 0.2716145833333333 0.26790450928381965 0.0109375 0.021220159151193633
0 0.11536458333333334 0.3063660477453581 0.0067708333333333336 0.023872679045092837
0 0.128125 0.31432360742705573 0.014583333333333334 0.023872679045092837
0 0.10026041666666667 0.3978779840848806 0.0109375 0.07427055702917772
0 0.12916666666666668 0.3753315649867374 0.034375 0.029177718832891247
0 0.15026041666666667 0.3726790450928382 0.0046875 0.023872679045092837
0 0.17239583333333333 0.3726790450928382 0.036458333333333336 0.023872679045092837
0 0.10494791666666667 0.41909814323607425 0.0067708333333333336 0.042440318302387266
0 0.11927083333333334 0.4204244031830239 0.014583333333333334 0.023872679045092837
0 0.13697916666666668 0.42572944297082227 0.017708333333333333 0.029177718832891247
0 0.15442708333333333 0.4244031830238727 0.013020833333333334 0.015915119363395226
0 0.17265625 0.42572944297082227 0.019270833333333334 0.029177718832891247
0 0.18723958333333332 0.4204244031830239 0.0067708333333333336 0.023872679045092837
0 0.2046875 0.4204244031830239 0.025 0.023872679045092837
0 0.22265625 0.4204244031830239 0.0067708333333333336 0.023872679045092837
0 0.23489583333333333 0.42572944297082227 0.014583333333333334 0.029177718832891247
0 0.24713541666666666 0.4204244031830239 0.0067708333333333336 0.023872679045092837
0 0.13723958333333333 0.46419098143236076 0.049479166666666664 0.03183023872679045
0 0.15729166666666666 0.4588859416445623 0.008333333333333333 0.07957559681697612
0 0.1671875 0.4588859416445623 0.00625 0.07957559681697612
0 0.18072916666666666 0.46021220159151194 0.016666666666666666 0.023872679045092837
0 0.20494791666666667 0.46816976127320953 0.027604166666666666 0.023872679045092837
0 0.23151041666666666 0.4588859416445623 0.021354166666666667 0.07957559681697612
0 0.25677083333333334 0.4588859416445623 0.021875 0.07957559681697612
0 0.10026041666666667 0.5517241379310345 0.0109375 0.07427055702917772
0 0.12916666666666668 0.5291777188328912 0.034375 0.029177718832891247
0 0.15729166666666666 0.5265251989389921 0.01875 0.023872679045092837
0 0.1046875 0.5755968169761273 0.007291666666666667 0.03713527851458886
0 0.13645833333333332 0.5742705570291777 0.04895833333333333 0.023872679045092837
0 0.16015625 0.5729442970822282 0.0026041666666666665 0.07957559681697612
0 0.16770833333333332 0.5742705570291777 0.009375 0.023872679045092837
0 0.19557291666666668 0.5742705570291777 0.0421875 0.023872679045092837
0 0.2109375 0.5729442970822282 0.010416666666666666 0.07957559681697612
0 0.22135416666666666 0.5782493368700266 0.00625 0.015915119363395226
0 0.23203125 0.5742705570291777 0.009895833333333333 0.023872679045092837
0 0.24661458333333333 0.5729442970822282 0.011979166666666667 0.07957559681697612
0 0.25703125 0.5742705570291777 0.0036458333333333334 0.023872679045092837
0 0.12604166666666666 0.6180371352785146 0.027083333333333334 0.03183023872679045
0 0.14453125 0.6140583554376657 0.0067708333333333336 0.023872679045092837
0 0.16197916666666667 0.616710875331565 0.023958333333333335 0.029177718832891247
0 0.17942708333333332 0.6140583554376657 0.0067708333333333336 0.023872679045092837
0 0.19296875 0.6220159151193634 0.0171875 0.023872679045092837
0 0.20651041666666667 0.6180371352785146 0.0067708333333333336 0.015915119363395226
0 0.22734375 0.6180371352785146 0.030729166666666665 0.03183023872679045
0 0.10026041666666667 0.7055702917771883 0.0109375 0.07427055702917772
0 0.12291666666666666 0.6843501326259946 0.021875 0.03183023872679045
0 0.14088541666666668 0.6843501326259946 0.0109375 0.015915119363395226
0 0.16145833333333334 0.6843501326259946 0.027083333333333334 0.03183023872679045
0 0.19244791666666666 0.6843501326259946 0.03177083333333333 0.03183023872679045
0 0.11927083333333334 0.7281167108753316 0.014583333333333334 0.023872679045092837
0 0.13697916666666668 0.73342175066313 0.017708333333333333 0.029177718832891247
0 0.15442708333333333 0.7320954907161804 0.013020833333333334 0.015915119363395226
0 0.17265625 0.73342175066313 0.019270833333333334 0.029177718832891247
0 0.18723958333333332 0.7281167108753316 0.0067708333333333336 0.023872679045092837
0 0.20286458333333332 0.73342175066313 0.021354166666666667 0.029177718832891247
0 0.22838541666666667 0.7320954907161804 0.025520833333333333 0.03183023872679045
0 0.24609375 0.7281167108753316 0.0067708333333333336 0.023872679045092837
0 0.26588541666666665 0.7281167108753316 0.028645833333333332 0.023872679045092837
0 0.11510416666666666 0.7718832891246684 0.00625 0.015915119363395226
0 0.13177083333333334 0.773209549071618 0.022916666666666665 0.029177718832891247
0 0.15026041666666667 0.7718832891246684 0.009895833333333333 0.015915119363395226
0 0.16953125 0.773209549071618 0.025520833333333333 0.029177718832891247
0 0.19921875 0.7718832891246684 0.0296875 0.03183023872679045
0 0.22708333333333333 0.7679045092838196 0.021875 0.023872679045092837
0 0.30052083333333335 0.21485411140583555 0.008333333333333333 0.021220159151193633
0 0.31015625 0.21352785145888595 0.0067708333333333336 0.023872679045092837
0 0.33307291666666666 0.21352785145888595 0.034895833333333334 0.023872679045092837
0 0.30130208333333336 0.3076923076923077 0.0078125 0.021220159151193633
0 0.31953125 0.3063660477453581 0.025520833333333333 0.023872679045092837
0 0.2981770833333333 0.40716180371352784 0.0046875 0.023872679045092837
0 0.30546875 0.41114058355437666 0.005729166666666666 0.015915119363395226
0 0.31875 0.41114058355437666 0.015625 0.015915119363395226
0 0.33229166666666665 0.40716180371352784 0.00625 0.023872679045092837
0 0.34348958333333335 0.4124668435013263 0.011979166666666667 0.029177718832891247
0 0.35442708333333334 0.40716180371352784 0.005729166666666666 0.023872679045092837
0 0.3671875 0.40716180371352784 0.01875 0.023872679045092837
0 0.30234375 0.669761273209549 0.0078125 0.029177718832891247
0 0.30234375 0.7360742705570292 0.0078125 0.029177718832891247
0 0.30234375 0.8023872679045093 0.0078125 0.029177718832891247
0 0.4278645833333333 0.027851458885941646 0.019270833333333334 0.029177718832891247
0 0.45598958333333334 0.027851458885941646 0.03177083333333333 0.029177718832891247
0 0.42942708333333335 0.09681697612732096 0.022395833333333334 0.023872679045092837
0 0.45989583333333334 0.09681697612732096 0.034375 0.023872679045092837
0 0.5122395833333333 0.09946949602122016 0.0296875 0.023872679045092837
0 0.5359375 0.09946949602122016 0.013541666666666667 0.023872679045092837
0 0.42942708333333335 0.16180371352785147 0.022395833333333334 0.07427055702917772
0 0.5122395833333333 0.16312997347480107 0.0296875 0.023872679045092837
0 0.5359375 0.16312997347480107 0.013541666666666667 0.023872679045092837
0 0.42942708333333335 0.22413793103448276 0.022395833333333334 0.023872679045092837
0 0.45729166666666665 0.23209549071618038 0.029166666666666667 0.023872679045092837
0 0.5083333333333333 0.22546419098143236 0.021875 0.07427055702917772
0 0.5265625 0.22546419098143236 0.009375 0.07427055702917772
0 0.5401041666666667 0.22679045092838196 0.013541666666666667 0.023872679045092837
0 0.43515625 0.3328912466843501 0.033854166666666664 0.029177718832891247
0 0.4705729166666667 0.3328912466843501 0.03177083333333333 0.029177718832891247
0 0.4270833333333333 0.39920424403183025 0.01875 0.023872679045092837
0 0.5057291666666667 0.4297082228116711 0.01875 0.09549071618037135
0 0.5356770833333333 0.43103448275862066 0.0359375 0.029177718832891247
0 0.5786458333333333 0.4350132625994695 0.04479166666666667 0.03713527851458886
0 0.5080729166666667 0.5172413793103449 0.0203125 0.03183023872679045
0 0.5234375 0.5172413793103449 0.00625 0.015915119363395226
0 0.5377604166666666 0.5145888594164456 0.0171875 0.021220159151193633
0 0.42942708333333335 0.5689655172413793 0.022395833333333334 0.023872679045092837
0 0.45989583333333334 0.5689655172413793 0.034375 0.023872679045092837
0 0.48385416666666664 0.5769230769230769 0.008333333333333333 0.023872679045092837
0 0.5356770833333333 0.6007957559681698 0.0359375 0.029177718832891247
0 0.5786458333333333 0.6047745358090185 0.04479166666666667 0.03713527851458886
0 0.4375 0.7281167108753316 0.03854166666666667 0.029177718832891247
0 0.47317708333333336 0.7281167108753316 0.027604166666666666 0.029177718832891247
0 0.46822916666666664 0.8010610079575596 0.09583333333333334 0.042440318302387266
0 0.4934895833333333 0.7944297082228117 0.0046875 0.09283819628647215
0 0.5078125 0.7944297082228117 0.01875 0.09283819628647215
0 0.4283854166666667 0.8726790450928382 0.021354166666666667 0.07427055702917772
0 0.4484375 0.8726790450928382 0.014583333333333334 0.07427055702917772
0 0.46380208333333334 0.8740053050397878 0.0067708333333333336 0.023872679045092837
0 0.4828125 0.8779840848806366 0.027083333333333334 0.03183023872679045
