0 0.012218963831867057 0.035381750465549346 0.006842619745845552 0.0074487895716946
0 0.21994134897360704 0.025139664804469275 0.07233626588465299 0.05027932960893855
0 0.2644183773216031 0.0335195530726257 0.004887585532746823 0.0186219739292365
0 0.012218963831867057 0.14059590316573556 0.004887585532746823 0.00186219739292365
0 0.3479960899315738 0.13221601489757914 0.039100684261974585 0.0223463687150838
0 0.40420332355816224 0.13500931098696461 0.05180840664711633 0.03165735567970205
0 0.47214076246334313 0.13314711359404097 0.06060606060606061 0.020484171322160148
0 0.5180840664711632 0.13128491620111732 0.007820136852394917 0.024208566108007448
0 0.5654936461388075 0.13500931098696461 0.0635386119257087 0.03165735567970205
0 0.6177908113391984 0.13500931098696461 0.019550342130987292 0.01675977653631285
0 0.6647116324535679 0.13128491620111732 0.05083088954056696 0.024208566108007448
0 0.7302052785923754 0.13128491620111732 0.05865102639296188 0.024208566108007448
0 0.7785923753665689 0.13128491620111732 0.016617790811339198 0.024208566108007448
0 0.012218963831867057 0.1750465549348231 0.006842619745845552 0.0074487895716946
0 0.3763440860215054 0.17597765363128492 0.09579667644183773 0.027932960893854747
0 0.4393939393939394 0.17783985102420857 0.024437927663734114 0.024208566108007448
0 0.48289345063538613 0.17225325884543763 0.05474095796676442 0.020484171322160148
0 0.5180840664711632 0.17039106145251395 0.007820136852394917 0.024208566108007448
0 0.5625610948191594 0.17039106145251395 0.07331378299120235 0.024208566108007448
0 0.6251221896383187 0.17318435754189945 0.04594330400782014 0.0335195530726257
0 0.6603128054740958 0.17039106145251395 0.016617790811339198 0.024208566108007448
0 0.7297165200391007 0.17411545623836128 0.11436950146627566 0.03165735567970205
0 0.012218963831867057 0.20949720670391062 0.004887585532746823 0.00186219739292365
0 0.33773216031280545 0.21135940409683426 0.01857282502443793 0.024208566108007448
0 0.38514173998044965 0.21508379888268156 0.06060606060606061 0.03165735567970205
0 0.4838709677419355 0.21508379888268156 0.12316715542521994 0.03165735567970205
0 0.5532746823069403 0.21508379888268156 0.0019550342130987292 0.01675977653631285
0 0.572336265884653 0.21135940409683426 0.01857282502443793 0.024208566108007448
0 0.6177908113391984 0.21135940409683426 0.056695992179863146 0.024208566108007448
0 0.6632453567937439 0.21135940409683426 0.016617790811339198 0.024208566108007448
0 0.7189638318670577 0.21135940409683426 0.07917888563049853 0.024208566108007448
0 0.7761485826001955 0.21135940409683426 0.019550342130987292 0.024208566108007448
0 0.012218963831867057 0.24581005586592178 0.006842619745845552 0.0074487895716946
0 0.3870967741935484 0.2541899441340782 0.11730205278592376 0.03165735567970205
0 0.46236559139784944 0.2504655493482309 0.017595307917888565 0.024208566108007448
0 0.48484848484848486 0.2504655493482309 0.013685239491691105 0.024208566108007448
0 0.5283479960899315 0.2504655493482309 0.06158357771260997 0.024208566108007448
0 0.5845552297165201 0.25512104283054005 0.039100684261974585 0.0335195530726257
0 0.6173020527859238 0.2504655493482309 0.01270772238514174 0.024208566108007448
0 0.6622678396871945 0.25139664804469275 0.0635386119257087 0.0223463687150838
0 0.7179863147605083 0.2504655493482309 0.03421309872922776 0.024208566108007448
0 0.7649071358748778 0.2541899441340782 0.04398826979472141 0.03165735567970205
0 0.3651026392961877 0.2914338919925512 0.07331378299120235 0.024208566108007448
0 0.4115347018572825 0.2914338919925512 0.013685239491691105 0.024208566108007448
0 0.4608993157380254 0.2914338919925512 0.0772238514173998 0.024208566108007448
0 0.5131964809384164 0.2914338919925512 0.019550342130987292 0.024208566108007448
0 0.5659824046920822 0.2951582867783985 0.07820136852394917 0.01675977653631285
0 0.6466275659824047 0.29329608938547486 0.07331378299120235 0.020484171322160148
0 0.7214076246334311 0.29702048417132215 0.06451612903225806 0.027932960893854747
0 0.7732160312805474 0.2914338919925512 0.02737047898338221 0.024208566108007448
0 0.35777126099706746 0.33054003724394787 0.06060606060606061 0.024208566108007448
0 0.40420332355816224 0.33426443202979517 0.01857282502443793 0.01675977653631285
0 0.4521016617790811 0.33426443202979517 0.06549364613880743 0.03165735567970205
0 0.509286412512219 0.33798882681564246 0.03714565004887586 0.024208566108007448
0 0.5391006842619745 0.33054003724394787 0.01270772238514174 0.024208566108007448
0 0.581622678396872 0.33426443202979517 0.06060606060606061 0.03165735567970205
0 0.6803519061583577 0.33426443202979517 0.1270772238514174 0.03165735567970205
0 0.7624633431085044 0.3324022346368715 0.02346041055718475 0.020484171322160148
0 0.2179863147605083 0.43947858472998136 0.05865102639296188 0.0335195530726257
0 0.20918866080156404 0.5363128491620112 0.039100684261974585 0.0223463687150838
0 0.2561094819159335 0.5391061452513967 0.044965786901270774 0.03165735567970205
0 0.2986314760508309 0.5353817504655494 0.030303030303030304 0.024208566108007448
0 0.3235581622678397 0.5353817504655494 0.007820136852394917 0.024208566108007448
0 0.3651026392961877 0.5391061452513967 0.0635386119257087 0.03165735567970205
0 0.4115347018572825 0.5353817504655494 0.019550342130987292 0.024208566108007448
0 0.45943304007820135 0.5381750465549349 0.06256109481915934 0.0335195530726257
0 0.5606060606060606 0.5391061452513967 0.12609970674486803 0.03165735567970205
0 0.6344086021505376 0.5353817504655494 0.007820136852394917 0.024208566108007448
0 0.23118279569892472 0.5800744878957169 0.08308895405669599 0.03165735567970205
0 0.2873900293255132 0.5763500931098696 0.019550342130987292 0.024208566108007448
0 0.3391984359726295 0.5800744878957169 0.07038123167155426 0.03165735567970205
0 0.43206256109481916 0.5800744878957169 0.10361681329423265 0.03165735567970205
0 0.4970674486803519 0.5782122905027933 0.01270772238514174 0.020484171322160148
0 0.5131964809384164 0.5763500931098696 0.007820136852394917 0.024208566108007448
0 0.5679374389051809 0.5763500931098696 0.08993157380254155 0.024208566108007448
0 0.6275659824046921 0.5763500931098696 0.019550342130987292 0.024208566108007448
0 0.21505376344086022 0.6154562383612663 0.05278592375366569 0.024208566108007448
0 0.31329423264907136 0.6191806331471136 0.12609970674486803 0.03165735567970205
0 0.39345063538611924 0.6182495344506518 0.016617790811339198 0.0223463687150838
0 0.41593352883675466 0.6154562383612663 0.01270772238514174 0.024208566108007448
0 0.4413489736070381 0.6191806331471136 0.022482893450635387 0.01675977653631285
0 0.4916911045943304 0.6163873370577281 0.06060606060606061 0.0260707635009311
0 0.5347018572825024 0.6154562383612663 0.007820136852394917 0.024208566108007448
0 0.5757575757575758 0.6154562383612663 0.06256109481915934 0.024208566108007448
0 0.6256109481915934 0.6154562383612663 0.02346041055718475 0.024208566108007448
0 0.20869990224828935 0.6564245810055865 0.03812316715542522 0.024208566108007448
0 0.27712609970674484 0.660148975791434 0.09090909090909091 0.03165735567970205
0 0.3592375366568915 0.660148975791434 0.06549364613880743 0.03165735567970205
0 0.4237536656891496 0.660148975791434 0.05767350928641251 0.03165735567970205
0 0.4804496578690127 0.6573556797020484 0.047898338220918865 0.0260707635009311
0 0.5263929618768328 0.6564245810055865 0.03421309872922776 0.024208566108007448
0 0.5757575757575758 0.6582867783985102 0.056695992179863146 0.020484171322160148
0 0.6226783968719453 0.6610800744878957 0.02737047898338221 0.0186219739292365
0 0.6441837732160313 0.6582867783985102 0.0019550342130987292 0.03910614525139665
0 0.012218963831867057 0.7029795158286778 0.004887585532746823 0.00186219739292365
0 0.19794721407624633 0.6955307262569832 0.016617790811339198 0.024208566108007448
0 0.2536656891495601 0.7011173184357542 0.0772238514173998 0.027932960893854747
0 0.312316715542522 0.6992551210428305 0.01857282502443793 0.01675977653631285
0 0.3391984359726295 0.6955307262569832 0.017595307917888565 0.024208566108007448
0 0.4022482893450635 0.6992551210428305 0.09090909090909091 0.03165735567970205
0 0.46920821114369504 0.6955307262569832 0.02346041055718475 0.024208566108007448
0 0.5268817204301075 0.6955307262569832 0.07038123167155426 0.024208566108007448
0 0.6050830889540567 0.6955307262569832 0.06451612903225806 0.024208566108007448
0 0.23118279569892472 0.7420856610800745 0.08308895405669599 0.027932960893854747
0 0.2859237536656892 0.7364990689013036 0.01270772238514174 0.024208566108007448
0 0.3289345063538612 0.7364990689013036 0.06158357771260997 0.024208566108007448
0 0.41397849462365593 0.7402234636871509 0.0967741935483871 0.03165735567970205
0 0.49022482893450636 0.7364990689013036 0.04398826979472141 0.024208566108007448
0 0.5361681329423265 0.7364990689013036 0.03421309872922776 0.024208566108007448
0 0.5654936461388075 0.7364990689013036 0.01270772238514174 0.024208566108007448
0 0.6080156402737048 0.7402234636871509 0.06060606060606061 0.03165735567970205
0 0.012218963831867057 0.7737430167597765 0.004887585532746823 0.00186219739292365
0 0.24926686217008798 0.7793296089385475 0.12121212121212122 0.03165735567970205
0 0.3255131964809384 0.776536312849162 0.02346041055718475 0.0223463687150838
0 0.36119257086999024 0.7793296089385475 0.04007820136852395 0.01675977653631285
0 0.39345063538611924 0.7756052141527002 0.016617790811339198 0.024208566108007448
0 0.42473118279569894 0.776536312849162 0.03421309872922776 0.0223463687150838
0 0.47116324535679377 0.7793296089385475 0.04887585532746823 0.03165735567970205
0 0.5112414467253177 0.7793296089385475 0.019550342130987292 0.01675977653631285
0 0.5610948191593352 0.7793296089385475 0.06842619745845552 0.03165735567970205
0 0.6192570869990225 0.7756052141527002 0.03616813294232649 0.024208566108007448
0 0.218475073313783 0.8147113594040968 0.059628543499511244 0.024208566108007448
0 0.3142717497556207 0.8147113594040968 0.10850439882697947 0.024208566108007448
0 0.3763440860215054 0.8184357541899442 0.0019550342130987292 0.01675977653631285
0 0.4095796676441838 0.8147113594040968 0.043010752688172046 0.024208566108007448
0 0.4579667644183773 0.8202979515828678 0.03616813294232649 0.027932960893854747
0 0.4921798631476051 0.8147113594040968 0.01270772238514174 0.024208566108007448
0 0.5557184750733137 0.819366852886406 0.0967741935483871 0.0335195530726257
0 0.6265884652981427 0.8184357541899442 0.02346041055718475 0.03165735567970205
0 0.21994134897360704 0.8575418994413407 0.06060606060606061 0.020484171322160148
0 0.2825024437927664 0.8556797020484171 0.033235581622678395 0.024208566108007448
0 0.30840664711632454 0.8556797020484171 0.01270772238514174 0.024208566108007448
0 0.34408602150537637 0.8594040968342644 0.04887585532746823 0.03165735567970205
0 0.3807429130009775 0.8556797020484171 0.016617790811339198 0.024208566108007448
0 0.4442815249266862 0.8556797020484171 0.10068426197458455 0.024208566108007448
0 0.5249266862170088 0.8594040968342644 0.05474095796676442 0.03165735567970205
0 0.5654936461388075 0.8556797020484171 0.01857282502443793 0.024208566108007448
0 0.6085043988269795 0.8594040968342644 0.059628543499511244 0.03165735567970205
0 0.250733137829912 0.8985102420856611 0.1241446725317693 0.03165735567970205
0 0.33479960899315736 0.9022346368715084 0.03225806451612903 0.024208566108007448
0 0.36314760508308896 0.8947858472998138 0.01270772238514174 0.024208566108007448
0 0.4227761485826002 0.8994413407821229 0.0967741935483871 0.0335195530726257
0 0.4897360703812317 0.8985102420856611 0.02346041055718475 0.03165735567970205
0 0.5376344086021505 0.8947858472998138 0.06060606060606061 0.024208566108007448
0 0.5772238514173998 0.8947858472998138 0.006842619745845552 0.024208566108007448
0 0.6041055718475073 0.8947858472998138 0.033235581622678395 0.024208566108007448
0 0.6319648093841642 0.8947858472998138 0.01270772238514174 0.024208566108007448
0 0.012218963831867057 0.9441340782122905 0.006842619745845552 0.0074487895716946
0 0.21358748778103617 0.9394785847299814 0.047898338220918865 0.03165735567970205
0 0.2517106549364614 0.9357541899441341 0.016617790811339198 0.024208566108007448
0 0.2961876832844575 0.9357541899441341 0.06060606060606061 0.024208566108007448
0 0.34408602150537637 0.9357541899441341 0.02346041055718475 0.024208566108007448
0 0.40175953079178883 0.9357541899441341 0.07820136852394917 0.024208566108007448
0 0.4970674486803519 0.9413407821229051 0.09872922776148582 0.027932960893854747
0 0.5625610948191594 0.9357541899441341 0.01857282502443793 0.024208566108007448
0 0.6080156402737048 0.9394785847299814 0.06060606060606061 0.03165735567970205
0 0.25219941348973607 0.978584729981378 0.12512218963831867 0.03165735567970205
0 0.9931573802541545 0.9394785847299814 0.013685239491691105 0.10986964618249534
