0 0.02265625 0.0351288056206089 0.022395833333333334 0.02810304449648712
0 0.040625 0.03161592505854801 0.00625 0.02107728337236534
0 0.05625 0.0351288056206089 0.019791666666666666 0.02810304449648712
0 0.07161458333333333 0.0351288056206089 0.0026041666666666665 0.01405152224824356
0 0.029947916666666668 0.07142857142857142 0.03697916666666667 0.02576112412177986
0 0.053385416666666664 0.0702576112412178 0.0046875 0.01873536299765808
0 0.10026041666666667 0.0351288056206089 0.0359375 0.02810304449648712
0 0.02109375 0.1405152224824356 0.019270833333333334 0.02810304449648712
0 0.021614583333333333 0.23653395784543327 0.0203125 0.01405152224824356
0 0.05260416666666667 0.234192037470726 0.0375 0.01873536299765808
0 0.07421875 0.23185011709601874 0.0015625 0.06557377049180328
0 0.08697916666666666 0.23653395784543327 0.009375 0.01405152224824356
0 0.1 0.23770491803278687 0.011458333333333333 0.02576112412177986
0 0.11119791666666666 0.23653395784543327 0.0026041666666666665 0.01405152224824356
0 0.0296875 0.27400468384074944 0.036458333333333336 0.02810304449648712
0 0.055989583333333336 0.2775175644028103 0.0078125 0.02107728337236534
0 0.07317708333333334 0.2716627634660422 0.021354166666666667 0.01873536299765808
0 0.08671875 0.2693208430913349 0.0015625 0.06557377049180328
0 0.096875 0.27049180327868855 0.011458333333333333 0.02107728337236534
0 0.10729166666666666 0.27049180327868855 0.004166666666666667 0.02107728337236534
0 0.020052083333333335 0.31030444964871196 0.0171875 0.02576112412177986
0 0.034375 0.3079625292740047 0.00625 0.02107728337236534
0 0.06588541666666667 0.5234192037470726 0.043229166666666666 0.02576112412177986
0 0.09635416666666667 0.5257611241217799 0.010416666666666666 0.02107728337236534
0 0.10625 0.5187353629976581 0.004166666666666667 0.02107728337236534
0 0.040625 0.563231850117096 0.014583333333333334 0.02107728337236534
0 0.055989583333333336 0.563231850117096 0.0078125 0.02107728337236534
0 0.07317708333333334 0.5573770491803278 0.021354166666666667 0.01873536299765808
0 0.096875 0.5562060889929742 0.011458333333333333 0.02107728337236534
0 0.10729166666666666 0.5562060889929742 0.004166666666666667 0.02107728337236534
0 0.020052083333333335 0.5960187353629977 0.0171875 0.02576112412177986
0 0.034375 0.5936768149882904 0.00625 0.02107728337236534
0 0.051041666666666666 0.5936768149882904 0.021875 0.02107728337236534
0 0.016666666666666666 0.6686182669789227 0.010416666666666666 0.02107728337236534
0 0.0265625 0.6615925058548009 0.004166666666666667 0.02107728337236534
0 0.04895833333333333 0.6686182669789227 0.035416666666666666 0.02107728337236534
0 0.07421875 0.6686182669789227 0.0078125 0.02107728337236534
0 0.08177083333333333 0.6651053864168618 0.0020833333333333333 0.01405152224824356
0 0.016927083333333332 0.6990632318501171 0.011979166666666667 0.02107728337236534
0 0.027864583333333335 0.702576112412178 0.0026041666666666665 0.01405152224824356
0 0.04114583333333333 0.702576112412178 0.01875 0.02810304449648712
0 0.05572916666666667 0.6990632318501171 0.00625 0.02107728337236534
0 0.07265625 0.6990632318501171 0.022395833333333334 0.02107728337236534
0 0.02578125 0.7365339578454333 0.028645833333333332 0.02107728337236534
0 0.057291666666666664 0.7400468384074942 0.030208333333333334 0.0234192037470726
0 0.027864583333333335 0.882903981264637 0.0328125 0.0234192037470726
0 0.046614583333333334 0.8805620608899297 0.0015625 0.06557377049180328
0 0.05260416666666667 0.8793911007025761 0.004166666666666667 0.02107728337236534
0 0.05963541666666667 0.8805620608899297 0.0046875 0.06557377049180328
0 0.353125 0.02107728337236534 0.04375 0.04215456674473068
0 0.38203125 0.01990632318501171 0.0046875 0.03981264637002342
0 0.4109375 0.01990632318501171 0.04375 0.03981264637002342
0 0.4453125 0.01990632318501171 0.016666666666666666 0.03981264637002342
0 0.47213541666666664 0.01990632318501171 0.027604166666666666 0.03981264637002342
0 0.5223958333333333 0.026932084309133488 0.06458333333333334 0.053864168618266976
0 0.5830729166666667 0.026932084309133488 0.04739583333333333 0.053864168618266976
0 0.6309895833333333 0.026932084309133488 0.04114583333333333 0.053864168618266976
0 0.6729166666666667 0.02459016393442623 0.034375 0.04918032786885246
0 0.7067708333333333 0.01990632318501171 0.023958333333333335 0.03981264637002342
0 0.74375 0.02224824355971897 0.040625 0.0351288056206089
0 0.34088541666666666 0.09601873536299765 0.019270833333333334 0.02810304449648712
0 0.3611979166666667 0.08899297423887588 0.011979166666666667 0.04215456674473068
0 0.3984375 0.09836065573770492 0.05416666666666667 0.05152224824355972
0 0.43645833333333334 0.09601873536299765 0.0125 0.02810304449648712
0 0.45286458333333335 0.08899297423887588 0.011979166666666667 0.04215456674473068
0 0.49322916666666666 0.09601873536299765 0.06145833333333333 0.05620608899297424
0 0.53671875 0.08899297423887588 0.0171875 0.04215456674473068
0 0.5752604166666667 0.08899297423887588 0.050520833333333334 0.04215456674473068
0 0.62890625 0.08899297423887588 0.04739583333333333 0.04215456674473068
0 0.6859375 0.09836065573770492 0.058333333333333334 0.05152224824355972
0 0.7236979166666667 0.08899297423887588 0.008854166666666666 0.04215456674473068
0 0.3528645833333333 0.1592505854800937 0.044270833333333336 0.04215456674473068
0 0.41302083333333334 0.16627634660421545 0.06875 0.05620608899297424
0 0.46770833333333334 0.1592505854800937 0.03125 0.04215456674473068
0 0.49947916666666664 0.1592505854800937 0.023958333333333335 0.04215456674473068
0 0.5205729166666667 0.1592505854800937 0.008854166666666666 0.04215456674473068
0 0.5505208333333333 0.16627634660421545 0.042708333333333334 0.05620608899297424
0 0.61953125 0.16627634660421545 0.08697916666666666 0.05620608899297424
0 0.67578125 0.16042154566744732 0.016145833333333335 0.03981264637002342
0 0.70234375 0.16627634660421545 0.028645833333333332 0.02810304449648712
0 0.7268229166666667 0.1592505854800937 0.011979166666666667 0.04215456674473068
0 0.7494791666666667 0.16159250585480095 0.025 0.03747072599531616
0 0.34739583333333335 0.23653395784543327 0.03333333333333333 0.05620608899297424
0 0.37526041666666665 0.23653395784543327 0.013020833333333334 0.02810304449648712
0 0.41041666666666665 0.23653395784543327 0.04895833333333333 0.05620608899297424
0 0.4518229166666667 0.22950819672131148 0.025520833333333333 0.04215456674473068
0 0.4895833333333333 0.22950819672131148 0.042708333333333334 0.04215456674473068
0 0.5533854166666666 0.22950819672131148 0.0765625 0.04215456674473068
0 0.596875 0.23653395784543327 0.0010416666666666667 0.02810304449648712
0 0.6177083333333333 0.22950819672131148 0.030208333333333334 0.04215456674473068
0 0.6481770833333333 0.24004683840749413 0.0234375 0.04918032786885246
0 0.6690104166666667 0.22950819672131148 0.008854166666666666 0.04215456674473068
0 0.7145833333333333 0.23185011709601874 0.07395833333333333 0.0702576112412178
0 0.7645833333333333 0.23653395784543327 0.016666666666666666 0.05620608899297424
0 0.35260416666666666 0.2997658079625293 0.042708333333333334 0.04215456674473068
0 0.3809895833333333 0.2997658079625293 0.0046875 0.04215456674473068
0 0.3997395833333333 0.2997658079625293 0.0234375 0.04215456674473068
0 0.4205729166666667 0.2997658079625293 0.008854166666666666 0.04215456674473068
0 0.4739583333333333 0.2997658079625293 0.011458333333333333 0.04215456674473068
0 0.5200520833333333 0.2997658079625293 0.07135416666666666 0.04215456674473068
0 0.5794270833333334 0.30679156908665106 0.0390625 0.05620608899297424
0 0.6096354166666667 0.2997658079625293 0.013020833333333334 0.04215456674473068
0 0.6416666666666667 0.30679156908665106 0.042708333333333334 0.05620608899297424
0 0.7109375 0.30679156908665106 0.0875 0.05620608899297424
0 0.3416666666666667 0.3770491803278688 0.021875 0.05620608899297424
0 0.36171875 0.3700234192037471 0.008854166666666666 0.04215456674473068
0 0.38776041666666666 0.3700234192037471 0.034895833333333334 0.04215456674473068
0 0.4432291666666667 0.39227166276346603 0.0020833333333333333 0.0117096018735363
0 0.45703125 0.3770491803278688 0.016145833333333335 0.05620608899297424
0 0.49114583333333334 0.3700234192037471 0.042708333333333334 0.04215456674473068
0 0.51953125 0.3700234192037471 0.005729166666666666 0.04215456674473068
0 0.5380208333333333 0.3700234192037471 0.023958333333333335 0.04215456674473068
0 0.55859375 0.3700234192037471 0.008854166666666666 0.04215456674473068
0 0.5848958333333333 0.37236533957845436 0.035416666666666666 0.0702576112412178
0 0.6122395833333333 0.3700234192037471 0.011979166666666667 0.04215456674473068
0 0.6442708333333333 0.3700234192037471 0.04375 0.04215456674473068
0 0.67890625 0.3700234192037471 0.0171875 0.04215456674473068
0 0.7205729166666667 0.3700234192037471 0.05677083333333333 0.04215456674473068
0 0.3658854166666667 0.4496487119437939 0.06927083333333334 0.05152224824355972
0 0.41119791666666666 0.44028103044496486 0.013020833333333334 0.04215456674473068
0 0.4432291666666667 0.44730679156908665 0.042708333333333334 0.05620608899297424
0 0.5122395833333333 0.44730679156908665 0.08697916666666666 0.05620608899297424
0 0.37994791666666666 0.6288056206088993 0.09947916666666666 0.06323185011709602
0 0.3450520833333333 0.8021077283372365 0.027604166666666666 0.03981264637002342
0 0.378125 0.8079625292740047 0.030208333333333334 0.05620608899297424
0 0.41875 0.8009367681498829 0.042708333333333334 0.04215456674473068
0 0.4471354166666667 0.8009367681498829 0.0046875 0.04215456674473068
0 0.4708333333333333 0.8032786885245902 0.034375 0.03747072599531616
0 0.4981770833333333 0.8079625292740047 0.011979166666666667 0.02810304449648712
0 0.5239583333333333 0.8009367681498829 0.03125 0.04215456674473068
0 0.5486979166666667 0.8009367681498829 0.008854166666666666 0.04215456674473068
0 0.57890625 0.8079625292740047 0.0421875 0.05620608899297424
0 0.6481770833333333 0.8079625292740047 0.08697916666666666 0.05620608899297424
0 0.69921875 0.8009367681498829 0.005729166666666666 0.04215456674473068
0 0.7208333333333333 0.8009367681498829 0.030208333333333334 0.04215456674473068
0 0.74609375 0.8009367681498829 0.011979166666666667 0.04215456674473068
0 0.34739583333333335 0.8711943793911007 0.03229166666666667 0.04215456674473068
0 0.38229166666666664 0.8711943793911007 0.029166666666666667 0.04215456674473068
0 0.41796875 0.8782201405152225 0.0328125 0.05620608899297424
0 0.4661458333333333 0.8852459016393442 0.03854166666666667 0.04215456674473068
0 0.51171875 0.8782201405152225 0.043229166666666666 0.05620608899297424
0 0.5807291666666666 0.8782201405152225 0.0875 0.05620608899297424
0 0.66015625 0.8782201405152225 0.06197916666666667 0.05620608899297424
0 0.71484375 0.8711943793911007 0.03802083333333333 0.04215456674473068
0 0.7489583333333333 0.8758782201405152 0.021875 0.05152224824355972
0 0.3580729166666667 0.9414519906323185 0.0546875 0.04215456674473068
0 0.39557291666666666 0.9414519906323185 0.011979166666666667 0.04215456674473068
0 0.4197916666666667 0.9473067915690867 0.029166666666666667 0.04449648711943794
0 0.45755208333333336 0.9414519906323185 0.03697916666666667 0.04215456674473068
0 0.5083333333333333 0.9484777517564403 0.05625 0.05620608899297424
0 0.5609375 0.9484777517564403 0.03958333333333333 0.05620608899297424
0 0.5911458333333334 0.9414519906323185 0.011458333333333333 0.04215456674473068
0 0.6440104166666667 0.9484777517564403 0.0859375 0.05620608899297424
0 0.7005208333333334 0.9437939110070258 0.017708333333333333 0.03747072599531616
